5 6 -1 1 1 -5 9 1 -5 -2 Kadane: 17
-4 3 -2 -4 5 2 -9 3 -1 5 Kadane: 7
2 8 2 -7 1 5 -6 2 2 6 Kadane: 15
0 -8 4 -4 -4 -7 -2 0 -3 6 Kadane: 6
3 2 6 7 -5 8 -6 7 2 -1 Kadane: 24
0 5 2 -8 4 4 0 -1 -3 3 Kadane: 8
1 -7 -5 -1 0 -5 -2 -1 2 5 Kadane: 7
9 -9 2 3 4 1 -2 3 6 -5 Kadane: 17
-8 -9 -1 3 -3 4 3 -6 -4 -1 Kadane: 7
8 -1 1 0 7 2 2 1 9 8 Kadane: 37
-9 7 4 -4 5 1 -1 -4 8 5 Kadane: 21
-2 5 2 -3 -2 -4 -1 -2 -6 -2 Kadane: 7
1 -1 0 1 8 4 -8 -4 -4 0 Kadane: 13
-2 0 -1 6 -5 -3 -1 4 4 -3 Kadane: 8
-3 4 2 -3 4 5 8 6 1 0 Kadane: 27
0 -4 3 -4 -6 3 2 0 2 -1 Kadane: 7
3 1 1 5 0 0 8 -3 -2 -7 Kadane: 18
-3 0 -4 8 0 6 5 -2 0 -2 Kadane: 19
2 3 2 -2 -3 -6 4 5 1 4 Kadane: 14
-1 4 -1 -2 2 -5 -4 -4 3 -6 Kadane: 4
0 3 -9 2 -6 -3 2 -2 2 2 Kadane: 4
2 4 -2 -4 -3 8 0 -5 2 -1 Kadane: 8
-2 8 -6 2 0 0 7 -3 -1 -3 Kadane: 11
1 -5 -2 -7 -2 -8 -5 -1 1 -4 Kadane: 1
-2 2 3 6 -2 4 7 -8 7 0 Kadane: 20
