50000 0.0028640540
100000 0.0058930400
150000 0.0092512060
200000 0.0124278200
250000 0.0159015000
300000 0.0191962400
350000 0.0228014000
400000 0.0259084400
450000 0.0290701600
500000 0.0332775600
550000 0.0397802600
600000 0.0414915200
650000 0.0436369800
700000 0.0479656800
750000 0.0510845200
800000 0.0556666600
850000 0.0586317800
900000 0.0623445000
950000 0.0664332400
1000000 0.0696757400
1050000 0.0741706800
1100000 0.0795749600
1150000 0.0826023800
1200000 0.0874196000
1250000 0.0895856000
