50000 0.0006582222
100000 0.0014554540
150000 0.0024700080
200000 0.0031969100
250000 0.0043626220
300000 0.0053282360
350000 0.0061754140
400000 0.0069732040
450000 0.0086621920
500000 0.0095228340
550000 0.0107375400
600000 0.0120497400
650000 0.0125667600
700000 0.0181320200
750000 0.0242128800
800000 0.0152496200
850000 0.0178652800
900000 0.0189833400
950000 0.0199595800
1000000 0.0209274800
1050000 0.0220536400
1100000 0.0287553200
1150000 0.0247928800
1200000 0.0305749800
1250000 0.0264016600
