5000 0.03023058
10000 0.08020854000000001
15000 0.187375
20000 0.3640671999999999
25000 0.6131154
30000 0.9176971999999999
35000 1.305368
40000 1.759078
45000 2.2913580000000002
50000 2.8989939999999996
55000 3.5623200000000006
60000 4.3066580000000005
65000 5.1629179999999995
70000 6.0415980000000005
75000 6.995406
80000 8.049891999999998
85000 9.16717
90000 10.35012
95000 11.6068
100000 12.967580000000002
105000 14.374260000000001
110000 15.88904
115000 17.467959999999998
120000 19.119999999999997
125000 20.810859999999998
