50000 0.004596722
100000 0.009693204
150000 0.01359058
200000 0.0201237
250000 0.0223852
300000 0.02847286
350000 0.03508536
400000 0.042107519999999996
450000 0.04131368
500000 0.047156899999999995
550000 0.05351720000000001
600000 0.05980548
650000 0.06655064
700000 0.07653322
750000 0.0825379
800000 0.08903126000000001
850000 0.08191272000000001
900000 0.0880227
950000 0.09417236000000001
1000000 0.10019499999999999
1050000 0.1067304
1100000 0.11363779999999998
1150000 0.12026859999999999
1200000 0.126661
1250000 0.133858
