5000 0.0108883
10000 0.04246072
15000 0.09541121999999999
20000 0.16861179999999998
25000 0.26450260000000003
30000 0.3785024
35000 0.5256724
40000 0.6795664
45000 0.8582547999999999
50000 1.062106
55000 1.2892120000000002
60000 1.5289760000000003
65000 1.7949860000000002
70000 2.080906
75000 2.3803460000000003
80000 2.71947
85000 3.053536
90000 3.4205219999999996
95000 3.809876
100000 4.227444
105000 4.649916
110000 5.1344259999999995
115000 5.611738
120000 6.083728000000001
125000 6.603654000000001
