50000 0.0028442760
100000 0.0059082940
150000 0.0093636380
200000 0.0125626600
250000 0.0161368400
300000 0.0232731000
350000 0.0268650600
400000 0.0273594800
450000 0.0302338800
500000 0.0332472200
550000 0.0372456600
600000 0.0400262200
650000 0.0441047400
700000 0.0469509400
750000 0.0513672600
800000 0.0548143800
850000 0.0596650400
900000 0.0624827800
950000 0.0663656600
1000000 0.0705805800
1050000 0.0741675000
1100000 0.0781728600
1150000 0.0815134200
1200000 0.0820221600
1250000 0.0886644600
