50000 0.0045658560
100000 0.0095597100
150000 0.0135543400
200000 0.0200321400
250000 0.0223071000
300000 0.0284614600
350000 0.0349021200
400000 0.0465058000
450000 0.0418789400
500000 0.0475683200
550000 0.0540727200
600000 0.0605463800
650000 0.0672176400
700000 0.0743098600
750000 0.0815260800
800000 0.0889206600
850000 0.0817322200
900000 0.0878394600
950000 0.0939538400
1000000 0.1019736800
1050000 0.1057826000
1100000 0.1120152000
1150000 0.1184828000
1200000 0.1249020000
1250000 0.1319930000
