50000 0.0053942700000000005
100000 0.0112368
150000 0.0176464
200000 0.0239203
250000 0.030704539999999995
300000 0.029976420000000004
350000 0.029851480000000003
400000 0.038648379999999996
450000 0.038381240000000004
500000 0.03651058
550000 0.04316668
600000 0.043100700000000006
650000 0.04694946
700000 0.04834446
750000 0.059483980000000006
800000 0.0639899
850000 0.06622838
900000 0.064799
950000 0.06640764
1000000 0.0819131
1050000 0.0827847
1100000 0.080489
1150000 0.08761072
1200000 0.0911346
1250000 0.09024074
