50000 0.0006675520
100000 0.0014621540
150000 0.0025041280
200000 0.0032969580
250000 0.0044843300
300000 0.0054685100
350000 0.0063311540
400000 0.0071902620
450000 0.0088855140
500000 0.0098180860
550000 0.0110657400
600000 0.0120045000
650000 0.0152012800
700000 0.0139647200
750000 0.0148996600
800000 0.0158767400
850000 0.0184578800
900000 0.0194910400
950000 0.0205806400
1000000 0.0215821600
1050000 0.0228631000
1100000 0.0241935000
1150000 0.0257141000
1200000 0.0261281400
1250000 0.0272576200
