50000 0.0029586280
100000 0.0061446140
150000 0.0094757160
200000 0.0131854600
250000 0.0203152200
300000 0.0251670600
350000 0.0290750800
400000 0.0341020000
450000 0.0384815800
500000 0.0404654200
550000 0.0364568800
600000 0.0406250800
650000 0.0442429200
700000 0.0479885000
750000 0.0507419400
800000 0.0556166800
850000 0.0595654000
900000 0.0619122400
950000 0.0661644800
1000000 0.0674118600
1050000 0.0745033200
1100000 0.0782317600
1150000 0.0840051200
1200000 0.0839906400
1250000 0.0892867200
