50000 0.0068726067
100000 0.0145315667
150000 0.0226185333
200000 0.0309204333
250000 0.0365530333
300000 0.0399214333
350000 0.0424273000
400000 0.0433774333
450000 0.0462596333
500000 0.0489615333
550000 0.0520081333
600000 0.0545633333
650000 0.0557539333
700000 0.0581116333
750000 0.0626529333
800000 0.0661678333
850000 0.0728078333
900000 0.0773843000
950000 0.0808991000
1000000 0.0875709333
1050000 0.0956117333
1100000 0.0987883667
1150000 0.1001157667
1200000 0.1031563333
1250000 0.1099600000
