50000 0.0054040633
100000 0.0118495667
150000 0.0175899667
200000 0.0238955000
250000 0.0302456667
300000 0.0351111667
350000 0.0382649333
400000 0.0422403000
450000 0.0438669667
500000 0.0442600000
550000 0.0485150333
600000 0.0534733667
650000 0.0581094667
700000 0.0614056333
750000 0.0639220667
800000 0.0658048667
850000 0.0690738333
900000 0.0731824333
950000 0.0761217000
1000000 0.0791737667
1050000 0.0828587333
1100000 0.0841312000
1150000 0.0922743000
1200000 0.0955899667
1250000 0.0969886333
