50000 0.0065649700
100000 0.0139409333
150000 0.0218207667
200000 0.0290163000
250000 0.0369301667
300000 0.0380422000
350000 0.0381787667
400000 0.0424919000
450000 0.0473254000
500000 0.0484824667
550000 0.0545023667
600000 0.0560969000
650000 0.0597359333
700000 0.0630458667
750000 0.0668639000
800000 0.0677411333
850000 0.0738302667
900000 0.0779973333
950000 0.0811925667
1000000 0.0857580667
1050000 0.0920956000
1100000 0.0974753333
1150000 0.1006090000
1200000 0.1046883333
1250000 0.1092220000
