2500 5883
27500 49739
52500 85593
77500 126875
102500 161285
127500 202122
152500 237607
177500 314455
202500 313773
227500 399984
252500 392340
277500 432032
302500 473737
327500 511468
352500 563893
377500 575873
402500 647559
427500 655083
452500 692500
477500 731247
502500 829882
527500 803453
552500 875000
577500 888546
602500 917363
627500 979304
652500 1012158
677500 1100322
702500 1267723
727500 1108063
752500 1300167
777500 1226494
802500 1588108
827500 1502714
852500 1306231
877500 1714686
902500 1611334
927500 1404394
952500 1581254
977500 1620036
1002500 1579788
1027500 1746711
1052500 1820939
1077500 2164781
1102500 1856987
1127500 1877334
1152500 1881646
1177500 2034738
1202500 2137519
1227500 2101309
1252500 2106084
1277500 2375256
1302500 2290170
1327500 2171387
1352500 2472860
1377500 2162409
1402500 2202168
1427500 2172405
1452500 2201969
1477500 2232867
1502500 2301702
1527500 2361968
1552500 2379128
1577500 2430685
1602500 2873628
1627500 2477970
1652500 2524993
1677500 2581750
1702500 2649207
1727500 2665477
1752500 2696975
1777500 2714003
1802500 2815972
1827500 2817469
1852500 2791501
1877500 3002234
1902500 2965146
1927500 2991598
1952500 3155517
1977500 3090754
2002500 3144506
2027500 3131363
2052500 3276180
2077500 3209718
2102500 3291317
2127500 3387103
2152500 3383099
2177500 3420138
2202500 3355643
2227500 3500748
2252500 3515686
2277500 3451485
2302500 3574332
2327500 3615864
2352500 3650620
2377500 3712817
2402500 3715096
2427500 3707983
2452500 3694242
2477500 3750668
2502500 3994010
2527500 3861968
2552500 3929786
2577500 4009903
2602500 3956293
2627500 4116606
2652500 4070697
2677500 4176483
2702500 4196857
2727500 4236372
2752500 4340138
2777500 4346376
2802500 4318597
2827500 4325940
2852500 4422495
2877500 4398843
2902500 4475469
2927500 4481155
2952500 4749015
2977500 4739888
3002500 8736179
3027500 4651094
3052500 4662492
3077500 4681151
3102500 4787319
3127500 4736335
3152500 4980787
3177500 5347029
3202500 5207727
3227500 4900030
3252500 6488143
3277500 6594525
3302500 7159823
3327500 6592210
3352500 8396530
3377500 5609635
3402500 5283823
3427500 6995171
3452500 7230648
3477500 7306594
3502500 5419844
3527500 5442272
3552500 5879985
3577500 5460627
3602500 6082921
3627500 5691149
3652500 5992354
3677500 5587734
3702500 5632137
3727500 5807850
3752500 5721953
3777500 5875811
3802500 5847932
3827500 5822127
3852500 5895076
3877500 5906611
3902500 5951266
3927500 6465991
3952500 7755230
3977500 6531622
4002500 6115306
4027500 9005781
4052500 6278010
4077500 6404215
4102500 6343062
4127500 6805966
4152500 8958150
4177500 8448175
4202500 6508888
4227500 7250027
4252500 6427057
4277500 6505730
4302500 6909344
4327500 6899166
4352500 6872033
4377500 9428643
4402500 7126008
4427500 7743769
4452500 7177267
4477500 7025983
4502500 6968651
4527500 7035015
4552500 7073473
4577500 8496296
4602500 6944889
4627500 6960728
4652500 8543071
4677500 7090830
4702500 7570162
4727500 7498094
4752500 7558454
4777500 7331074
4802500 7326489
4827500 7314207
4852500 7480888
4877500 8285071
4902500 7470128
4927500 7651645
4952500 7769473
4977500 8133392
