2500 23660
27500 237520
52500 434649
77500 632639
102500 840969
127500 1048038
152500 1244058
177500 1458388
202500 1649717
227500 1893706
252500 2053687
277500 2271227
302500 2448696
327500 2681605
352500 2888425
377500 3083926
402500 3287385
427500 3473724
452500 3666414
477500 3877324
502500 4119483
527500 4271944
552500 4467633
577500 4687504
602500 4880643
627500 5070661
652500 5309652
677500 5487601
702500 5700550
727500 5894681
752500 6100140
777500 6287200
802500 5436250
827500 3625523
852500 3847704
877500 3875594
902500 4017534
927500 4551344
952500 4207283
977500 4355923
1002500 4393592
1027500 4568923
1052500 4621591
1077500 4657573
1102500 8929516
1127500 4952192
1152500 6415710
1177500 5102671
1202500 5212651
1227500 5278423
1252500 5397491
1277500 5549221
1302500 5603842
1327500 5810782
1352500 6232600
1377500 6319039
1402500 6397818
1427500 6300080
1452500 6513099
1477500 6476308
1502500 6620310
1527500 6771560
1552500 6819230
1577500 7132077
1602500 6964459
1627500 7066200
1652500 7182448
1677500 7477439
1702500 7514687
1727500 7766927
1752500 7662089
1777500 9153906
1802500 7748367
1827500 7924597
1852500 8003728
1877500 8096827
1902500 8209976
1927500 8285238
1952500 8396807
1977500 8556566
2002500 8539696
2027500 8655377
2052500 8855007
2077500 8821847
2102500 8909575
2127500 9043295
2152500 9119686
2177500 9218506
2202500 9332426
2227500 9458655
2252500 9579676
2277500 9744164
2302500 9886065
2327500 10006765
2352500 10084094
2377500 10078973
2402500 10415514
2427500 10390705
2452500 10493485
2477500 10566983
2502500 10620922
2527500 10709002
2552500 10808213
2577500 11023664
2602500 11308642
2627500 11354513
2652500 11265993
2677500 11484373
2702500 11512871
2727500 11589313
2752500 11683511
2777500 11906272
2802500 11878671
2827500 12016010
2852500 12173220
2877500 12394580
2902500 12532760
2927500 12639220
2952500 12743650
2977500 12818509
3002500 12808819
3027500 12904809
3052500 13300208
3077500 13180331
3102500 13395259
3127500 13562069
3152500 13644008
3177500 13573380
3202500 13683608
3227500 13728518
3252500 14049267
3277500 14056668
3302500 14114807
3327500 14315427
3352500 14490557
3377500 14532706
3402500 14686008
3427500 14823607
3452500 14849527
3477500 15023137
3502500 15007336
3527500 15264376
3552500 15307776
3577500 15415745
3602500 15476726
3627500 16010405
3652500 15642265
3677500 15884136
3702500 15977374
3727500 15867635
3752500 15868757
3777500 16289364
3802500 16529415
3827500 16517543
3852500 16652416
3877500 16836163
3902500 16849644
3927500 17002715
3952500 17016933
3977500 17276385
4002500 17246963
4027500 17343753
4052500 17517512
4077500 17604453
4102500 17911961
4127500 18390742
4152500 17796233
4177500 17808742
4202500 18216671
4227500 18728100
4252500 18346871
4277500 18608121
4302500 18783030
4327500 19012082
4352500 19376792
4377500 19357810
4402500 19302720
4427500 19091761
4452500 19446452
4477500 19639571
4502500 19732281
4527500 19556559
4552500 21752717
4577500 19906720
4602500 20394100
4627500 20661368
4652500 20657660
4677500 20923957
4702500 20504160
4727500 20855368
4752500 20865528
4777500 21615268
4802500 21310867
4827500 21058328
4852500 21455926
4877500 21921136
4902500 21874368
4927500 21323736
4952500 23035366
4977500 21779858
