100 0.000865
300 0.003520
500 0.055941
700 0.025112
900 0.053902
1100 0.101599
1300 0.115155
1500 0.124412
1700 0.171054
1900 0.309784
2100 0.414475
2300 0.288937
2500 0.372150
2700 0.405922
2900 0.535089
3100 0.566721
3300 0.548425
3500 0.651038
3700 0.828080
3900 1.411844
4100 1.317846
4300 1.229647
4500 1.206743
4700 1.286317
4900 1.214311
5100 1.656886
5300 2.270469
5500 1.987781
5700 1.957285
5900 1.860555
6100 1.899606
6300 2.445180
6500 2.906040
6700 2.636384
6900 2.895254
7100 3.129405
7300 4.232423
7500 4.638118
7700 4.915151
7900 4.261433
8100 6.870753
8300 4.379712
8500 4.429740
8700 5.169535
8900 5.633819
9100 5.880473
9300 4.899220
9500 5.347092
9700 5.981223
9900 5.987831
10100 6.204438
10300 6.840974
10500 7.346653
10700 7.247338
10900 6.658064
11100 6.656298
11300 8.396195
11500 8.091878
11700 8.289298
11900 8.576555
12100 7.483864
12300 8.575254
12500 9.146937
12700 10.839667
12900 8.852355
13100 9.302304
13300 9.214550
13500 13.999052
13700 15.284667
13900 13.588923
14100 12.219690
14300 12.168318
14500 12.964848
14700 13.734638
14900 12.311547
15100 13.404324
15300 18.487481
15500 15.610511
15700 16.390081
15900 16.471593
16100 17.999887
16300 17.725718
16500 17.099037
16700 20.208910
16900 24.911159
17100 16.638366
17300 19.358675
17500 18.966262
17700 17.223356
17900 22.757851
18100 23.381091
18300 27.443571
18500 18.577854
18700 21.727172
18900 20.743317
19100 18.126148
19300 23.894439
19500 20.321586
19700 22.282163
19900 23.850593
20100 26.888701
20300 34.577568
20500 24.802987
20700 33.029436
20900 36.036229
21100 22.284192
21300 25.365414
21500 23.095540
21700 40.159184
21900 34.083995
22100 30.569981
22300 26.300085
22500 41.712829
22700 27.342740
22900 36.059599
23100 28.268028
23300 37.197189
23500 27.597059
23700 32.278235
23900 47.506495
24100 36.755513
24300 31.258786
24500 30.566407
24700 44.158814
