El rango aleatorio es: 7934

Hijo 1(mayor beneficio):
9.998
9.997
9.996
9.994
9.993
9.992
9.992
9.991
9.990
9.989
9.988
9.987
9.987
9.986
9.985
9.984
9.980
9.978
9.976
9.974
9.974
9.973
9.969
9.967
9.966
9.966
9.966
9.966
9.965
9.965
9.964
9.963
9.959
9.959
9.959
9.958
9.957
9.954
9.952
9.952
9.952
9.952
9.950
9.947
9.940
9.940
9.940
9.939
9.939
9.937
9.936
9.933
9.931
9.930
9.930
9.929
9.929
9.929
9.929
9.929
9.928
9.927
9.927
9.927
9.926
9.926
9.924
9.920
9.919
9.918
9.917
9.916
9.916
9.912
9.912
9.910
9.910
9.909
9.909
9.908
9.907
9.905
9.904
9.903
9.903
9.902
9.902
9.900
9.898
9.898
9.894
9.893
9.891
9.891
9.888
9.887
9.886
9.886
9.885
9.883
9.883
9.881
9.880
9.879
9.879
9.877
9.875
9.874
9.874
9.872
9.866
9.865
9.863
9.863
9.863
9.862
9.862
9.862
9.860
9.859
9.859
9.858
9.855
9.855
9.855
9.854
9.853
9.852
9.850
9.849
9.846
9.846
9.845
9.844
9.840
9.837
9.837
9.835
9.834
9.831
9.829
9.828
9.827
9.825
9.824
9.824
9.824
9.822
9.821
9.821
9.819
9.817
9.816
9.815
9.811
9.810
9.804
9.804
9.804
9.803
9.803
9.800
9.800
9.799
9.799
9.797
9.796
9.796
9.794
9.793
9.791
9.791
9.790
9.790
9.789
9.788
9.786
9.785
9.785
9.781
9.780
9.778
9.778
9.776
9.775
9.774
9.773
9.771
9.770
9.770
9.770
9.767
9.766
9.765
9.762
9.761
9.757
9.755
9.753
9.752
9.750
9.750
9.750
9.746
9.743
9.742
9.742
9.740
9.737
9.736
9.734
9.731
9.730
9.729
9.728
9.726
9.726
9.724
9.724
9.724
9.723
9.722
9.718
9.718
9.718
9.717
9.714
9.712
9.712
9.712
9.710
9.710
9.709
9.707
9.707
9.707
9.706
9.705
9.704
9.703
9.703
9.702
9.701
9.699
9.698
9.698
9.698
9.696
9.688
9.688
9.686
9.684
9.684
9.683
9.681
9.679
9.679
9.679
9.677
9.675
9.675
9.675
9.674
9.673
9.671
9.671
9.666
9.664
9.663
9.663
9.656
9.655
9.655
9.654
9.654
9.654
9.652
9.652
9.652
9.650
9.647
9.647
9.645
9.644
9.644
9.642
9.641
9.640
9.637
9.636
9.633
9.632
9.632
9.632
9.630
9.629
9.627
9.626
9.626
9.623
9.621
9.620
9.620
9.619
9.619
9.618
9.618
9.618
9.618
9.617
9.617
9.614
9.612
9.611
9.611
9.610
9.607
9.606
9.604
9.602
9.602
9.601
9.601
9.600
9.599
9.596
9.594
9.594
9.591
9.589
9.588
9.587
9.587
9.586
9.585
9.583
9.582
9.581
9.579
9.577
9.575
9.573
9.568
9.567
9.565
9.564
9.564
9.563
9.563
9.563
9.563
9.562
9.561
9.561
9.559
9.559
9.558
9.557
9.556
9.556
9.555
9.555
9.552
9.552
9.551
9.550
9.550
9.549
9.547
9.544
9.544
9.543
9.540
9.539
9.538
9.536
9.536
9.535
9.533
9.532
9.530
9.530
9.526
9.524
9.518
9.518
9.516
9.515
9.510
9.507
9.506
9.505
9.505
9.505
9.503
9.503
9.502
9.502
9.501
9.501
9.498
9.498
9.497
9.494
9.494
9.494
9.492
9.491
9.489
9.487
9.486
9.485
9.482
9.480
9.479
9.479
9.479
9.476
9.473
9.472
9.472
9.472
9.471
9.470
9.467
9.466
9.465
9.463
9.462
9.461
9.460
9.460
9.460
9.460
9.458
9.458
9.455
9.454
9.453
9.452
9.452
9.452
9.449
9.446
9.446
9.445
9.445
9.445
9.444
9.442
9.441
9.439
9.439
9.438
9.437
9.437
9.436
9.435
9.433
9.429
9.427
9.426
9.425
9.423
9.423
9.423
9.422
9.420
9.414
9.413
9.412
9.411
9.409
9.409
9.408
9.407
9.407
9.407
9.405
9.405
9.404
9.404
9.403
9.401
9.400
9.399
9.393
9.391
9.390
9.389
9.387
9.387
9.387
9.384
9.384
9.383
9.383
9.381
9.381
9.381
9.380
9.380
9.379
9.378
9.377
9.377
9.376
9.375
9.373
9.373
9.371
9.367
9.367
9.366
9.365
9.364
9.364
9.361
9.360
9.357
9.356
9.356
9.355
9.354
9.353
9.353
9.349
9.349
9.348
9.348
9.347
9.342
9.342
9.342
9.341
9.341
9.341
9.339
9.337
9.332
9.331
9.325
9.324
9.324
9.322
9.318
9.317
9.312
9.310
9.309
9.307
9.307
9.306
9.304
9.302
9.301
9.301
9.301
9.295
9.294
9.294
9.293
9.291
9.288
9.286
9.286
9.285
9.285
9.283
9.282
9.281
9.280
9.280
9.277
9.277
9.274
9.274
9.272
9.271
9.270
9.270
9.269
9.265
9.264
9.264
9.264
9.263
9.261
9.261
9.258
9.256
9.256
9.254
9.254
9.251
9.250
9.250
9.250
9.246
9.245
9.243
9.243
9.243
9.242
9.242
9.241
9.241
9.241
9.240
9.240
9.239
9.238
9.237
9.237
9.235
9.232
9.231
9.230
9.230
9.229
9.228
9.224
9.224
9.224
9.223
9.223
9.222
9.219
9.218
9.218
9.218
9.217
9.216
9.215
9.214
9.214
9.214
9.211
9.209
9.208
9.207
9.207
9.206
9.205
9.205
9.202
9.201
9.199
9.198
9.198
9.197
9.197
9.197
9.197
9.196
9.196
9.194
9.190
9.188
9.188
9.187
9.185
9.185
9.185
9.184
9.184
9.180
9.180
9.180
9.178
9.174
9.172
9.170
9.170
9.168
9.167
9.166
9.165
9.164
9.164
9.158
9.154
9.152
9.149
9.148
9.148
9.148
9.147
9.146
9.144
9.144
9.142
9.142
9.141
9.141
9.138
9.136
9.135
9.135
9.135
9.135
9.133
9.129
9.127
9.127
9.127
9.126
9.126
9.124
9.122
9.121
9.120
9.117
9.116
9.112
9.109
9.107
9.106
9.105
9.103
9.099
9.097
9.091
9.091
9.090
9.089
9.087
9.085
9.078
9.076
9.076
9.075
9.075
9.072
9.070
9.069
9.068
9.068
9.067
9.066
9.065
9.063
9.060
9.059
9.059
9.053
9.052
9.052
9.052
9.049
9.048
9.047
9.045
9.043
9.042
9.042
9.039
9.039
9.039
9.038
9.037
9.036
9.036
9.035
9.034
9.032
9.032
9.029
9.029
9.028
9.026
9.024
9.024
9.023
9.022
9.022
9.022
9.022
9.017
9.014
9.014
9.013
9.010
9.009
9.003
9.002
9.001
8.998
8.997
8.996
8.993
8.993
8.991
8.990
8.989
8.988
8.988
8.988
8.983
8.980
8.980
8.978
8.977
8.976
8.976
8.976
8.975
8.975
8.972
8.972
8.972
8.969
8.967
8.966
8.965
8.960
8.959
8.956
8.955
8.954
8.953
8.952
8.952
8.950
8.950
8.948
8.946
8.946
8.942
8.940
8.939
8.937
8.935
8.932
8.929
8.927
8.927
8.926
8.924
8.922
8.922
8.922
8.921
8.921
8.921
8.919
8.919
8.918
8.916
8.915
8.911
8.910
8.909
8.906
8.905
8.905
8.900
8.896
8.896
8.894
8.894
8.893
8.893
8.891
8.890
8.888
8.887
8.886
8.879
8.879
8.878
8.878
8.878
8.877
8.876
8.874
8.874
8.873
8.872
8.872
8.871
8.870
8.868
8.867
8.866
8.861
8.860
8.859
8.858
8.857
8.857
8.856
8.855
8.854
8.854
8.853
8.853
8.852
8.849
8.848
8.844
8.844
8.843
8.842
8.841
8.838
8.836
8.835
8.834
8.831
8.826
8.825
8.824
8.824
8.820
8.818
8.818
8.817
8.817
8.812
8.811
8.810
8.809
8.809
8.809
8.807
8.804
8.803
8.802
8.802
8.801
8.800
8.800
8.800
8.797
8.795
8.793
8.793
8.790
8.790
8.790
8.790
8.789
8.789
8.788
8.788
8.787
8.786
8.786
8.784
8.783
8.781
8.780
8.780
8.779
8.777
8.775
8.772
8.771
8.770
8.767
8.766
8.766
8.765
8.764
8.759
8.757
8.757
8.756
8.753
8.752
8.746
8.746
8.744
8.743
8.739
8.738
8.737
8.737
8.735
8.735
8.734
8.732
8.731
8.729
8.727
8.726
8.724
8.723
8.722
8.722
8.720
8.720
8.717
8.715
8.714
8.714
8.714
8.713
8.713
8.712
8.711
8.710
8.710
8.709
8.709
8.708
8.708
8.708
8.707
8.704
8.704
8.703
8.703
8.700
8.699
8.698
8.696
8.696
8.693
8.693
8.693
8.692
8.691
8.690
8.689
8.689
8.684
8.684
8.684
8.682
8.681
8.680
8.679
8.679
8.679
8.677
8.676
8.675
8.673
8.673
8.672
8.672
8.670
8.666
8.664
8.663
8.659
8.658
8.658
8.658
8.655
8.653
8.652
8.650
8.650
8.649
8.649
8.648
8.646
8.645
8.640
8.640
8.637
8.637
8.637
8.635
8.634
8.630
8.630
8.629
8.628
8.628
8.627
8.626
8.626
8.626
8.624
8.622
8.622
8.621
8.620
8.617
8.615
8.614
8.613
8.613
8.612
8.612
8.611
8.609
8.609
8.609
8.607
8.605
8.603
8.603
8.598
8.598
8.597
8.594
8.592
8.592
8.591
8.591
8.590
8.588
8.587
8.587
8.586
8.585
8.584
8.583
8.583
8.582
8.582
8.581
8.581
8.580
8.580
8.580
8.578
8.577
8.577
8.575
8.572
8.569
8.569
8.568
8.567
8.566
8.566
8.565
8.564
8.563
8.560
8.558
8.558
8.558
8.558
8.556
8.556
8.555
8.555
8.554
8.554
8.553
8.551
8.550
8.549
8.549
8.549
8.547
8.547
8.545
8.544
8.543
8.540
8.539
8.539
8.539
8.539
8.538
8.537
8.532
8.531
8.531
8.527
8.527
8.527
8.527
8.526
8.523
8.523
8.523
8.522
8.522
8.522
8.520
8.518
8.516
8.513
8.511
8.510
8.510
8.510
8.509
8.507
8.506
8.505
8.504
8.503
8.501
8.500
8.499
8.499
8.499
8.498
8.498
8.498
8.497
8.496
8.495
8.494
8.487
8.487
8.486
8.486
8.485
8.484
8.483
8.480
8.480
8.478
8.477
8.476
8.476
8.476
8.475
8.474
8.472
8.472
8.471
8.467
8.467
8.466
8.465
8.462
8.461
8.461
8.458
8.455
8.452
8.452
8.451
8.451
8.450
8.449
8.448
8.446
8.444
8.443
8.443
8.442
8.442
8.442
8.440
8.439
8.439
8.438
8.438
8.437
8.436
8.436
8.435
8.435
8.433
8.433
8.432
8.431
8.429
8.428
8.426
8.426
8.425
8.422
8.421
8.420
8.420
8.419
8.415
8.415
8.414
8.410
8.409
8.409
8.409
8.408
8.408
8.406
8.404
8.403
8.403
8.402
8.400
8.398
8.398
8.398
8.398
8.396
8.393
8.392
8.392
8.392
8.391
8.390
8.390
8.389
8.387
8.387
8.386
8.385
8.384
8.382
8.381
8.380
8.379
8.376
8.375
8.373
8.372
8.368
8.365
8.364
8.363
8.363
8.362
8.362
8.360
8.360
8.358
8.355
8.354
8.353
8.351
8.351
8.351
8.350
8.346
8.345
8.345
8.344
8.343
8.342
8.339
8.337
8.335
8.335
8.334
8.331
8.331
8.329
8.328
8.327
8.327
8.327
8.326
8.325
8.321
8.318
8.318
8.312
8.312
8.311
8.311
8.311
8.307
8.307
8.306
8.305
8.303
8.301
8.301
8.299
8.299
8.298
8.298
8.296
8.296
8.295
8.293
8.292
8.291
8.290
8.290
8.289
8.288
8.285
8.284
8.282
8.280
8.278
8.277
8.275
8.272
8.271
8.268
8.265
8.263
8.259
8.259
8.258
8.258
8.256
8.255
8.253
8.253
8.251
8.251
8.248
8.248
8.239
8.238
8.238
8.237
8.235
8.234
8.233
8.231
8.226
8.226
8.225
8.225
8.223
8.221
8.217
8.217
8.216
8.213
8.212
8.212
8.204
8.204
8.203
8.202
8.199
8.198
8.197
8.196
8.195
8.194
8.194
8.192
8.191
8.190
8.190
8.190
8.189
8.189
8.188
8.185
8.184
8.183
8.182
8.181
8.181
8.175
8.171
8.170
8.169
8.168
8.168
8.165
8.165
8.163
8.162
8.161
8.159
8.158
8.157
8.157
8.152
8.151
8.151
8.150
8.150
8.148
8.148
8.147
8.146
8.144
8.144
8.143
8.140
8.140
8.140
8.135
8.134
8.131
8.130
8.129
8.129
8.125
8.124
8.123
8.118
8.117
8.113
8.112
8.111
8.109
8.104
8.104
8.104
8.102
8.101
8.100
8.100
8.099
8.097
8.095
8.094
8.091
8.091
8.090
8.088
8.088
8.085
8.083
8.082
8.081
8.079
8.078
8.076
8.075
8.075
8.074
8.072
8.072
8.070
8.068
8.068
8.067
8.065
8.062
8.062
8.061
8.059
8.058
8.057
8.056
8.055
8.054
8.053
8.053
8.052
8.051
8.049
8.049
8.048
8.047
8.044
8.044
8.043
8.043
8.043
8.043
8.041
8.040
8.039
8.039
8.037
8.035
8.035
8.034
8.033
8.032
8.031
8.031
8.031
8.030
8.030
8.029
8.028
8.024
8.021
8.021
8.021
8.018
8.018
8.018
8.017
8.012
8.010
8.009
8.009
8.008
8.006
8.005
8.005
8.000
7.998
7.996
7.994
7.993
7.988
7.987
7.984
7.983
7.982
7.981
7.981
7.977
7.976
7.975
7.974
7.973
7.973
7.970
7.969
7.969
7.968
7.967
7.966
7.965
7.965
7.965
7.964
7.963
7.962
7.957
7.952
7.952
7.948
7.947
7.947
7.939
7.937
7.937
7.936
7.934
7.934
7.929
7.928
7.927
7.923
7.919
7.917
7.916
7.914
7.910
7.908
7.908
7.907
7.907
7.906
7.896
7.896
7.896
7.895
7.895
7.895
7.893
7.893
7.892
7.892
7.890
7.888
7.888
7.885
7.884
7.880
7.879
7.878
7.877
7.877
7.876
7.873
7.870
7.869
7.868
7.867
7.867
7.865
7.862
7.861
7.861
7.859
7.858
7.858
7.858
7.857
7.856
7.854
7.852
7.852
7.849
7.848
7.847
7.847
7.846
7.846
7.845
7.843
7.842
7.842
7.841
7.841
7.840
7.836
7.833
7.830
7.828
7.821
7.820
7.820
7.816
7.815
7.815
7.815
7.814
7.812
7.811
7.810
7.809
7.809
7.806
7.805
7.799
7.796
7.796
7.794
7.793
7.792
7.791
7.791
7.788
7.787
7.787
7.786
7.784
7.784
7.780
7.780
7.780
7.780
7.777
7.777
7.776
7.773
7.772
7.771
7.771
7.769
7.768
7.767
7.767
7.766
7.763
7.761
7.759
7.759
7.758
7.756
7.756
7.755
7.755
7.755
7.753
7.751
7.751
7.746
7.746
7.744
7.743
7.743
7.743
7.743
7.743
7.742
7.741
7.741
7.740
7.740
7.740
7.739
7.738
7.737
7.736
7.735
7.734
7.734
7.732
7.731
7.731
7.730
7.730
7.729
7.728
7.726
7.726
7.726
7.721
7.721
7.721
7.720
7.720
7.719
7.718
7.716
7.716
7.715
7.715
7.715
7.713
7.712
7.709
7.709
7.709
7.707
7.707
7.707
7.707
7.707
7.706
7.705
7.705
7.704
7.702
7.702
7.699
7.697
7.697
7.696
7.696
7.694
7.693
7.693
7.692
7.691
7.689
7.689
7.686
7.685
7.685
7.684
7.684
7.684
7.683
7.683
7.682
7.681
7.678
7.676
7.676
7.675
7.675
7.673
7.672
7.672
7.671
7.670
7.670
7.670
7.667
7.667
7.663
7.663
7.663
7.662
7.662
7.660
7.658
7.658
7.656
7.655
7.654
7.654
7.654
7.653
7.653
7.645
7.644
7.644
7.641
7.640
7.636
7.636
7.635
7.635
7.633
7.632
7.632
7.632
7.631
7.630
7.630
7.629
7.629
7.627
7.624
7.623
7.622
7.619
7.616
7.615
7.614
7.613
7.611
7.610
7.609
7.607
7.606
7.604
7.603
7.603
7.601
7.599
7.597
7.596
7.596
7.595
7.594
7.594
7.592
7.587
7.586
7.586
7.586
7.586
7.585
7.585
7.583
7.581
7.581
7.577
7.576
7.576
7.573
7.573
7.572
7.571
7.569
7.568
7.567
7.567
7.567
7.567
7.566
7.566
7.565
7.562
7.558
7.557
7.556
7.555
7.554
7.554
7.552
7.551
7.551
7.549
7.548
7.547
7.546
7.545
7.544
7.543
7.542
7.542
7.542
7.540
7.538
7.537
7.537
7.536
7.534
7.533
7.532
7.531
7.531
7.529
7.524
7.517
7.517
7.517
7.516
7.514
7.514
7.514
7.512
7.510
7.509
7.508
7.506
7.504
7.504
7.504
7.502
7.499
7.497
7.497
7.495
7.494
7.493
7.491
7.491
7.490
7.490
7.489
7.487
7.485
7.484
7.483
7.483
7.483
7.482
7.482
7.482
7.481
7.481
7.481
7.480
7.479
7.476
7.476
7.474
7.473
7.472
7.472
7.471
7.470
7.467
7.465
7.465
7.464
7.463
7.463
7.459
7.456
7.453
7.452
7.452
7.451
7.451
7.449
7.448
7.446
7.446
7.445
7.444
7.444
7.443
7.441
7.440
7.438
7.438
7.437
7.436
7.435
7.433
7.433
7.433
7.432
7.429
7.428
7.428
7.424
7.423
7.423
7.423
7.422
7.421
7.420
7.419
7.418
7.417
7.417
7.415
7.413
7.412
7.407
7.406
7.405
7.403
7.402
7.400
7.400
7.398
7.396
7.394
7.393
7.392
7.392
7.392
7.391
7.391
7.390
7.387
7.386
7.385
7.385
7.382
7.381
7.378
7.378
7.374
7.373
7.373
7.370
7.369
7.369
7.366
7.366
7.365
7.363
7.363
7.361
7.360
7.360
7.359
7.359
7.359
7.359
7.357
7.355
7.354
7.353
7.351
7.349
7.349
7.348
7.347
7.347
7.345
7.345
7.344
7.342
7.337
7.335
7.334
7.332
7.332
7.331
7.330
7.328
7.321
7.320
7.320
7.320
7.320
7.319
7.319
7.319
7.317
7.317
7.312
7.312
7.309
7.308
7.307
7.307
7.306
7.300
7.300
7.298
7.298
7.296
7.295
7.293
7.292
7.292
7.292
7.291
7.291
7.290
7.290
7.289
7.289
7.286
7.284
7.284
7.282
7.281
7.280
7.279
7.279
7.279
7.278
7.278
7.277
7.276
7.275
7.274
7.274
7.274
7.272
7.272
7.271
7.269
7.265
7.265
7.265
7.264
7.264
7.263
7.262
7.262
7.262
7.262
7.261
7.260
7.258
7.257
7.256
7.256
7.254
7.252
7.249
7.249
7.249
7.248
7.245
7.242
7.241
7.240
7.238
7.237
7.235
7.235
7.233
7.232
7.232
7.230
7.227
7.226
7.226
7.226
7.224
7.221
7.219
7.216
7.215
7.214
7.213
7.210
7.209
7.209
7.208
7.208
7.207
7.207
7.206
7.206
7.202
7.200
7.198
7.198
7.195
7.194
7.194
7.192
7.190
7.188
7.188
7.188
7.183
7.183
7.180
7.178
7.177
7.176
7.175
7.170
7.170
7.170
7.169
7.168
7.167
7.166
7.166
7.165
7.164
7.164
7.163
7.163
7.159
7.159
7.158
7.157
7.157
7.154
7.150
7.148
7.148
7.148
7.148
7.147
7.139
7.139
7.134
7.133
7.133
7.131
7.131
7.130
7.128
7.127
7.126
7.125
7.122
7.122
7.122
7.121
7.118
7.112
7.111
7.110
7.110
7.109
7.109
7.107
7.105
7.103
7.102
7.102
7.101
7.100
7.100
7.099
7.098
7.098
7.096
7.095
7.093
7.092
7.088
7.088
7.086
7.084
7.077
7.075
7.072
7.071
7.071
7.070
7.070
7.070
7.067
7.066
7.066
7.062
7.061
7.060
7.058
7.058
7.057
7.055
7.054
7.054
7.053
7.052
7.051
7.051
7.050
7.048
7.044
7.042
7.042
7.039
7.038
7.036
7.035
7.034
7.032
7.032
7.030
7.028
7.026
7.026
7.026
7.025
7.024
7.024
7.022
7.021
7.019
7.019
7.018
7.016
7.016
7.011
7.010
7.009
7.008
7.007
7.006
7.006
7.004
7.004
7.003
7.003
7.000
6.999
6.998
6.997
6.993
6.993
6.992
6.987
6.987
6.986
6.986
6.983
6.982
6.981
6.981
6.979
6.979
6.979
6.977
6.975
6.974
6.973
6.973
6.972
6.971
6.970
6.969
6.968
6.967
6.963
6.961
6.960
6.958
6.958
6.955
6.953
6.949
6.949
6.949
6.948
6.948
6.946
6.946
6.945
6.941
6.939
6.937
6.937
6.936
6.935
6.934
6.932
6.929
6.924
6.922
6.921
6.919
6.918
6.918
6.916
6.915
6.915
6.913
6.912
6.910
6.910
6.902
6.901
6.901
6.899
6.897
6.897
6.897
6.896
6.896
6.893
6.892
6.892
6.892
6.891
6.889
6.887
6.886
6.884
6.883
6.883
6.881
6.879
6.879
6.876
6.876
6.875
6.874
6.874
6.871
6.869
6.869
6.867
6.864
6.864
6.859
6.859
6.857
6.855
6.854
6.854
6.851
6.851
6.849
6.849
6.848
6.846
6.846
6.845
6.844
6.843
6.843
6.842
6.841
6.841
6.840
6.838
6.838
6.837
6.836
6.836
6.835
6.835
6.833
6.832
6.830
6.829
6.829
6.827
6.827
6.826
6.825
6.823
6.823
6.822
6.822
6.819
6.818
6.818
6.818
6.816
6.815
6.812
6.808
6.805
6.804
6.804
6.804
6.804
6.803
6.802
6.801
6.798
6.795
6.795
6.793
6.791
6.791
6.791
6.789
6.787
6.786
6.784
6.781
6.780
6.779
6.778
6.777
6.777
6.774
6.774
6.773
6.773
6.772
6.772
6.772
6.771
6.771
6.770
6.770
6.769
6.768
6.768
6.768
6.768
6.767
6.766
6.766
6.766
6.765
6.765
6.765
6.762
6.761
6.761
6.760
6.755
6.755
6.755
6.755
6.753
6.753
6.751
6.746
6.744
6.744
6.741
6.737
6.736
6.733
6.731
6.730
6.727
6.722
6.721
6.721
6.720
6.720
6.718
6.718
6.716
6.715
6.715
6.715
6.715
6.714
6.708
6.706
6.705
6.704
6.703
6.701
6.700
6.700
6.700
6.699
6.698
6.697
6.696
6.696
6.695
6.693
6.689
6.688
6.685
6.685
6.684
6.682
6.680
6.679
6.678
6.678
6.677
6.675
6.671
6.670
6.670
6.669
6.665
6.658
6.654
6.653
6.653
6.651
6.649
6.646
6.645
6.644
6.643
6.643
6.643
6.642
6.641
6.641
6.640
6.640
6.640
6.637
6.636
6.635
6.632
6.632
6.632
6.632
6.630
6.630
6.628
6.624
6.623
6.622
6.622
6.622
6.621
6.615
6.613
6.613
6.610
6.610
6.609
6.609
6.607
6.606
6.605
6.605
6.601
6.601
6.600
6.600
6.600
6.599
6.598
6.598
6.597
6.597
6.593
6.590
6.588
6.588
6.585
6.584
6.584
6.580
6.578
6.578
6.578
6.578
6.577
6.573
6.572
6.572
6.571
6.570
6.569
6.566
6.565
6.563
6.562
6.561
6.561
6.561
6.559
6.559
6.558
6.557
6.557
6.557
6.556
6.555
6.554
6.553
6.553
6.551
6.550
6.549
6.548
6.548
6.547
6.544
6.543
6.542
6.540
6.537
6.537
6.536
6.536
6.535
6.535
6.534
6.532
6.530
6.526
6.526
6.524
6.524
6.523
6.523
6.522
6.522
6.521
6.521
6.520
6.520
6.519
6.518
6.517
6.516
6.516
6.515
6.514
6.513
6.512
6.510
6.509
6.506
6.506
6.505
6.505
6.504
6.504
6.504
6.503
6.503
6.503
6.500
6.500
6.499
6.498
6.496
6.495
6.495
6.494
6.493
6.493
6.492
6.491
6.488
6.488
6.487
6.484
6.483
6.483
6.482
6.479
6.477
6.477
6.474
6.474
6.473
6.473
6.473
6.471
6.468
6.468
6.465
6.464
6.462
6.462
6.461
6.461
6.459
6.458
6.453
6.450
6.449
6.448
6.447
6.446
6.446
6.445
6.444
6.441
6.440
6.438
6.438
6.437
6.437
6.436
6.434
6.432
6.430
6.428
6.425
6.424
6.417
6.416
6.413
6.413
6.412
6.411
6.410
6.408
6.406
6.406
6.405
6.405
6.405
6.404
6.403
6.399
6.396
6.395
6.393
6.393
6.392
6.392
6.392
6.391
6.388
6.388
6.388
6.387
6.386
6.383
6.382
6.380
6.380
6.378
6.378
6.375
6.374
6.373
6.373
6.371
6.370
6.370
6.369
6.368
6.362
6.361
6.360
6.359
6.356
6.355
6.349
6.346
6.344
6.343
6.343
6.342
6.341
6.339
6.338
6.336
6.335
6.335
6.335
6.334
6.333
6.333
6.332
6.332
6.329
6.329
6.327
6.322
6.321
6.320
6.318
6.318
6.318
6.317
6.316
6.316
6.314
6.312
6.312
6.311
6.307
6.307
6.305
6.305
6.304
6.302
6.302
6.300
6.299
6.297
6.296
6.293
6.292
6.292
6.289
6.288
6.288
6.288
6.287
6.284
6.284
6.281
6.279
6.278
6.277
6.275
6.272
6.271
6.270
6.270
6.270
6.268
6.266
6.266
6.265
6.265
6.264
6.264
6.264
6.262
6.262
6.261
6.261
6.260
6.259
6.259
6.258
6.256
6.256
6.256
6.255
6.254
6.252
6.250
6.248
6.247
6.244
6.244
6.243
6.241
6.240
6.235
6.233
6.233
6.231
6.231
6.229
6.228
6.227
6.227
6.227
6.226
6.226
6.226
6.223
6.222
6.222
6.219
6.219
6.219
6.219
6.218
6.216
6.215
6.214
6.213
6.212
6.211
6.210
6.208
6.206
6.202
6.201
6.200
6.200
6.198
6.198
6.197
6.196
6.196
6.193
6.193
6.192
6.191
6.189
6.189
6.187
6.186
6.185
6.185
6.183
6.183
6.182
6.181
6.181
6.179
6.176
6.172
6.170
6.167
6.167
6.163
6.161
6.160
6.159
6.159
6.158
6.157
6.157
6.155
6.152
6.152
6.144
6.144
6.144
6.143
6.142
6.142
6.141
6.141
6.140
6.140
6.140
6.139
6.137
6.136
6.135
6.132
6.128
6.126
6.125
6.124
6.123
6.123
6.123
6.120
6.120
6.119
6.118
6.117
6.116
6.116
6.114
6.108
6.106
6.106
6.105
6.103
6.102
6.101
6.101
6.100
6.100
6.099
6.098
6.095
6.095
6.094
6.094
6.090
6.089
6.086
6.085
6.085
6.084
6.081
6.080
6.079
6.076
6.075
6.075
6.075
6.075
6.074
6.073
6.071
6.071
6.067
6.066
6.066
6.064
6.064
6.064
6.062
6.060
6.059
6.057
6.057
6.056
6.054
6.054
6.052
6.052
6.051
6.050
6.050
6.047
6.046
6.045
6.045
6.042
6.040
6.039
6.039
6.034
6.033
6.026
6.025
6.024
6.020
6.017
6.017
6.016
6.016
6.015
6.015
6.014
6.013
6.011
6.011
6.011
6.008
6.006
6.005
6.005
6.005
6.003
6.002
6.002
6.001
6.000
5.999
5.998
5.997
5.997
5.996
5.996
5.994
5.994
5.992
5.991
5.985
5.984
5.982
5.982
5.981
5.980
5.979
5.979
5.979
5.975
5.974
5.974
5.973
5.973
5.973
5.972
5.971
5.969
5.966
5.966
5.964
5.960
5.959
5.959
5.957
5.957
5.956
5.956
5.955
5.954
5.953
5.950
5.950
5.948
5.948
5.948
5.947
5.945
5.944
5.944
5.941
5.941
5.941
5.941
5.940
5.939
5.937
5.936
5.936
5.935
5.935
5.932
5.932
5.929
5.928
5.927
5.927
5.927
5.926
5.925
5.924
5.921
5.920
5.920
5.919
5.919
5.918
5.917
5.915
5.913
5.912
5.910
5.908
5.907
5.906
5.905
5.905
5.903
5.902
5.902
5.901
5.900
5.899
5.898
5.896
5.894
5.894
5.894
5.894
5.893
5.891
5.890
5.889
5.889
5.888
5.888
5.886
5.886
5.885
5.885
5.884
5.879
5.878
5.877
5.874
5.874
5.873
5.873
5.872
5.871
5.870
5.870
5.869
5.868
5.868
5.867
5.866
5.865
5.865
5.864
5.863
5.863
5.862
5.861
5.860
5.858
5.858
5.857
5.857
5.853
5.852
5.850
5.849
5.849
5.849
5.848
5.847
5.846
5.843
5.842
5.842
5.842
5.841
5.840
5.839
5.837
5.836
5.835
5.834
5.834
5.832
5.829
5.828
5.828
5.827
5.826
5.826
5.826
5.823
5.823
5.822
5.822
5.822
5.822
5.821
5.818
5.818
5.817
5.817
5.816
5.816
5.816
5.815
5.815
5.814
5.813
5.811
5.811
5.810
5.810
5.808
5.807
5.806
5.805
5.804
5.803
5.803
5.802
5.801
5.801
5.800
5.798
5.796
5.793
5.790
5.787
5.787
5.786
5.784
5.783
5.782
5.781
5.778
5.778
5.777
5.777
5.776
5.775
5.769
5.768
5.768
5.768
5.768
5.768
5.767
5.766
5.766
5.765
5.762
5.762
5.762
5.761
5.761
5.760
5.760
5.759
5.758
5.757
5.756
5.755
5.755
5.752
5.752
5.750
5.749
5.747
5.746
5.746
5.745
5.743
5.742
5.740
5.740
5.739
5.738
5.738
5.737
5.736
5.736
5.735
5.734
5.734
5.734
5.734
5.733
5.729
5.729
5.728
5.723
5.723
5.721
5.721
5.721
5.720
5.719
5.718
5.716
5.715
5.712
5.711
5.711
5.707
5.705
5.705
5.704
5.701
5.699
5.697
5.696
5.695
5.694
5.691
5.690
5.690
5.689
5.689
5.687
5.685
5.684
5.684
5.684
5.681
5.679
5.678
5.678
5.677
5.675
5.674
5.674
5.673
5.669
5.669
5.667
5.663
5.663
5.663
5.662
5.661
5.656
5.656
5.655
5.655
5.654
5.653
5.653
5.650
5.649
5.648
5.647
5.646
5.644
5.643
5.641
5.641
5.640
5.640
5.637
5.636
5.634
5.634
5.634
5.634
5.633
5.633
5.632
5.631
5.630
5.629
5.628
5.623
5.623
5.623
5.620
5.617
5.617
5.616
5.615
5.615
5.614
5.613
5.612
5.612
5.611
5.610
5.610
5.610
5.610
5.607
5.606
5.605
5.602
5.601
5.598
5.597
5.595
5.594
5.590
5.589
5.588
5.586
5.583
5.581
5.580
5.578
5.578
5.575
5.574
5.571
5.569
5.569
5.568
5.568
5.566
5.562
5.562
5.561
5.559
5.557
5.556
5.555
5.553
5.551
5.550
5.550
5.548
5.548
5.546
5.542
5.541
5.539
5.539
5.538
5.536
5.533
5.532
5.529
5.529
5.529
5.528
5.526
5.526
5.526
5.524
5.522
5.520
5.520
5.518
5.516
5.514
5.514
5.513
5.513
5.513
5.511
5.511
5.509
5.507
5.506
5.505
5.504
5.504
5.503
5.502
5.499
5.496
5.496
5.496
5.495
5.494
5.494
5.494
5.492
5.492
5.484
5.482
5.478
5.476
5.475
5.474
5.469
5.469
5.469
5.467
5.466
5.465
5.465
5.464
5.463
5.461
5.461
5.461
5.461
5.460
5.460
5.457
5.456
5.452
5.451
5.450
5.449
5.448
5.444
5.444
5.443
5.443
5.442
5.440
5.440
5.439
5.435
5.434
5.434
5.433
5.433
5.432
5.431
5.430
5.428
5.426
5.426
5.426
5.426
5.424
5.423
5.422
5.421
5.421
5.421
5.420
5.417
5.416
5.416
5.416
5.416
5.414
5.413
5.413
5.411
5.411
5.411
5.409
5.408
5.408
5.407
5.407
5.406
5.406
5.406
5.405
5.405
5.405
5.402
5.402
5.401
5.400
5.399
5.397
5.394
5.393
5.392
5.392
5.391
5.391
5.390
5.387
5.387
5.381
5.380
5.380
5.380
5.376
5.374
5.371
5.369
5.368
5.366
5.362
5.362
5.361
5.361
5.360
5.358
5.358
5.357
5.357
5.357
5.357
5.354
5.353
5.352
5.350
5.349
5.348
5.347
5.346
5.346
5.346
5.340
5.338
5.338
5.337
5.336
5.335
5.333
5.332
5.332
5.330
5.330
5.328
5.327
5.326
5.325
5.323
5.320
5.320
5.315
5.315
5.315
5.314
5.313
5.310
5.310
5.309
5.309
5.308
5.307
5.307
5.306
5.304
5.304
5.303
5.302
5.299
5.298
5.298
5.297
5.296
5.295
5.293
5.292
5.291
5.290
5.290
5.287
5.287
5.287
5.283
5.283
5.282
5.282
5.281
5.281
5.279
5.277
5.277
5.275
5.275
5.275
5.274
5.274
5.274
5.270
5.270
5.268
5.267
5.266
5.263
5.263
5.262
5.261
5.261
5.257
5.257
5.255
5.254
5.254
5.253
5.253
5.252
5.248
5.245
5.245
5.245
5.245
5.245
5.238
5.236
5.233
5.232
5.228
5.227
5.227
5.225
5.225
5.224
5.223
5.221
5.219
5.216
5.216
5.215
5.215
5.215
5.214
5.213
5.213
5.212
5.207
5.207
5.207
5.207
5.206
5.205
5.203
5.194
5.194
5.193
5.193
5.191
5.188
5.186
5.185
5.185
5.182
5.181
5.180
5.177
5.176
5.173
5.172
5.172
5.171
5.171
5.170
5.169
5.169
5.168
5.167
5.162
5.158
5.157
5.156
5.155
5.154
5.153
5.152
5.152
5.148
5.148
5.148
5.142
5.142
5.141
5.140
5.139
5.138
5.136
5.134
5.132
5.131
5.131
5.129
5.126
5.125
5.125
5.124
5.123
5.123
5.122
5.121
5.119
5.119
5.117
5.116
5.114
5.114
5.114
5.114
5.114
5.114
5.112
5.111
5.110
5.110
5.106
5.106
5.106
5.105
5.104
5.103
5.102
5.100
5.100
5.097
5.097
5.097
5.097
5.094
5.094
5.093
5.090
5.090
5.090
5.089
5.089
5.088
5.088
5.086
5.085
5.084
5.083
5.081
5.081
5.080
5.080
5.078
5.078
5.076
5.073
5.072
5.070
5.069
5.066
5.066
5.062
5.061
5.059
5.059
5.058
5.058
5.057
5.057
5.056
5.056
5.054
5.053
5.052
5.050
5.050
5.048
5.047
5.047
5.045
5.044
5.044
5.043
5.042
5.039
5.038
5.036
5.035
5.033
5.030
5.028
5.027
5.027
5.026
5.025
5.025
5.024
5.022
5.022
5.020
5.020
5.018
5.015
5.014
5.012
5.012
5.009
5.005
5.004
5.003
5.002
5.000
4.998
4.995
4.995
4.994
4.994
4.992
4.992
4.991
4.988
4.988
4.986
4.985
4.981
4.979
4.971
4.970
4.970
4.967
4.966
4.965
4.964
4.964
4.962
4.961
4.959
4.958
4.956
4.956
4.956
4.955
4.954
4.953
4.953
4.951
4.951
4.951
4.950
4.950
4.950
4.948
4.947
4.947
4.942
4.941
4.941
4.941
4.940
4.940
4.937
4.936
4.934
4.933
4.928
4.928
4.928
4.928
4.927
4.923
4.920
4.918
4.918
4.916
4.916
4.915
4.912
4.911
4.910
4.910
4.908
4.908
4.906
4.902
4.901
4.901
4.900
4.898
4.897
4.897
4.895
4.894
4.894
4.892
4.892
4.891
4.890
4.890
4.889
4.889
4.887
4.886
4.885
4.884
4.881
4.880
4.879
4.878
4.876
4.875
4.875
4.874
4.873
4.871
4.869
4.868
4.864
4.863
4.862
4.861
4.861
4.860
4.857
4.856
4.855
4.854
4.853
4.850
4.849
4.849
4.847
4.846
4.844
4.843
4.841
4.840
4.840
4.840
4.839
4.839
4.836
4.834
4.833
4.829
4.829
4.828
4.827
4.827
4.824
4.824
4.822
4.821
4.821
4.821
4.818
4.817
4.816
4.815
4.809
4.809
4.809
4.809
4.808
4.808
4.808
4.807
4.806
4.805
4.804
4.801
4.800
4.800
4.798
4.797
4.796
4.796
4.794
4.792
4.790
4.790
4.789
4.788
4.788
4.787
4.787
4.784
4.784
4.783
4.782
4.781
4.780
4.780
4.778
4.777
4.776
4.775
4.775
4.769
4.769
4.768
4.766
4.765
4.765
4.764
4.764
4.764
4.763
4.763
4.761
4.758
4.757
4.754
4.753
4.752
4.747
4.743
4.741
4.741
4.740
4.738
4.738
4.737
4.737
4.735
4.735
4.730
4.729
4.729
4.721
4.721
4.718
4.717
4.714
4.713
4.712
4.712
4.710
4.704
4.704
4.701
4.701
4.701
4.700
4.699
4.699
4.698
4.697
4.697
4.694
4.694
4.692
4.691
4.689
4.689
4.688
4.686
4.683
4.683
4.680
4.678
4.677
4.677
4.676
4.672
4.672
4.671
4.669
4.669
4.667
4.664
4.663
4.662
4.661
4.660
4.660
4.659
4.657
4.656
4.656
4.656
4.655
4.655
4.653
4.653
4.651
4.650
4.649
4.645
4.643
4.642
4.641
4.641
4.640
4.638
4.638
4.638
4.629
4.628
4.624
4.624
4.624
4.623
4.622
4.621
4.617
4.617
4.616
4.616
4.614
4.612
4.612
4.611
4.610
4.609
4.607
4.605
4.604
4.602
4.601
4.600
4.600
4.599
4.598
4.598
4.597
4.594
4.591
4.591
4.590
4.586
4.582
4.579
4.579
4.578
4.575
4.575
4.575
4.574
4.574
4.573
4.573
4.572
4.572
4.571
4.570
4.570
4.569
4.567
4.565
4.563
4.562
4.560
4.560
4.558
4.555
4.554
4.554
4.553
4.553
4.552
4.552
4.552
4.550
4.546
4.543
4.542
4.539
4.539
4.538
4.537
4.535
4.534
4.533
4.531
4.531
4.530
4.530
4.529
4.528
4.526
4.522
4.521
4.520
4.519
4.518
4.517
4.514
4.513
4.512
4.512
4.511
4.508
4.507
4.507
4.507
4.506
4.504
4.503
4.502
4.501
4.501
4.499
4.497
4.496
4.496
4.493
4.491
4.490
4.488
4.487
4.486
4.486
4.486
4.485
4.483
4.482
4.480
4.480
4.479
4.479
4.478
4.476
4.475
4.471
4.465
4.464
4.464
4.463
4.462
4.462
4.461
4.461
4.461
4.460
4.459
4.457
4.455
4.455
4.455
4.454
4.454
4.453
4.452
4.450
4.450
4.450
4.449
4.447
4.447
4.447
4.446
4.441
4.440
4.436
4.436
4.432
4.428
4.425
4.425
4.424
4.423
4.421
4.419
4.415
4.414
4.413
4.413
4.411
4.411
4.410
4.410
4.408
4.407
4.407
4.407
4.407
4.405
4.403
4.402
4.402
4.401
4.399
4.396
4.394
4.393
4.393
4.391
4.390
4.389
4.388
4.387
4.387
4.386
4.385
4.385
4.383
4.383
4.382
4.379
4.379
4.379
4.376
4.376
4.373
4.371
4.370
4.369
4.367
4.366
4.365
4.363
4.362
4.361
4.359
4.356
4.356
4.356
4.353
4.353
4.353
4.352
4.351
4.349
4.349
4.348
4.347
4.346
4.344
4.341
4.341
4.341
4.341
4.341
4.338
4.338
4.337
4.336
4.335
4.334
4.333
4.332
4.332
4.331
4.327
4.326
4.325
4.324
4.323
4.323
4.321
4.319
4.319
4.319
4.319
4.318
4.316
4.316
4.313
4.311
4.309
4.307
4.304
4.304
4.304
4.301
4.301
4.300
4.299
4.297
4.296
4.295
4.294
4.294
4.287
4.285
4.285
4.283
4.281
4.281
4.281
4.278
4.273
4.273
4.272
4.270
4.267
4.266
4.265
4.265
4.256
4.254
4.251
4.251
4.250
4.250
4.250
4.250
4.249
4.249
4.248
4.246
4.246
4.244
4.243
4.242
4.242
4.241
4.240
4.238
4.238
4.238
4.237
4.234
4.233
4.232
4.232
4.230
4.227
4.227
4.226
4.224
4.224
4.223
4.218
4.218
4.218
4.217
4.215
4.214
4.214
4.213
4.212
4.210
4.207
4.207
4.205
4.203
4.203
4.201
4.200
4.199
4.197
4.197
4.195
4.193
4.193
4.193
4.192
4.187
4.186
4.185
4.185
4.182
4.180
4.179
4.179
4.178
4.176
4.175
4.168
4.168
4.166
4.164
4.162
4.161
4.160
4.158
4.158
4.156
4.155
4.155
4.154
4.153
4.153
4.153
4.152
4.151
4.151
4.151
4.149
4.148
4.146
4.145
4.144
4.143
4.143
4.143
4.143
4.138
4.138
4.138
4.137
4.136
4.135
4.134
4.133
4.133
4.131
4.130
4.130
4.129
4.129
4.128
4.127
4.126
4.126
4.125
4.123
4.120
4.119
4.119
4.118
4.118
4.117
4.116
4.113
4.112
4.111
4.109
4.108
4.108
4.107
4.106
4.102
4.101
4.101
4.092
4.090
4.090
4.090
4.088
4.087
4.087
4.087
4.085
4.085
4.084
4.082
4.082
4.081
4.080
4.079
4.076
4.075
4.074
4.072
4.071
4.070
4.069
4.069
4.065
4.065
4.064
4.063
4.063
4.061
4.060
4.058
4.053
4.051
4.051
4.050
4.050
4.050
4.049
4.048
4.048
4.046
4.045
4.044
4.043
4.042
4.042
4.040
4.039
4.039
4.038
4.038
4.037
4.037
4.036
4.036
4.035
4.035
4.032
4.031
4.029
4.029
4.028
4.028
4.026
4.025
4.024
4.023
4.023
4.020
4.020
4.019
4.018
4.018
4.016
4.016
4.015
4.015
4.014
4.014
4.013
4.013
4.012
4.010
4.008
4.005
4.004
4.002
4.000
4.000
3.998
3.998
3.997
3.995
3.993
3.993
3.992
3.992
3.992
3.990
3.989
3.989
3.989
3.987
3.987
3.985
3.985
3.983
3.980
3.979
3.978
3.976
3.974
3.973
3.971
3.970
3.969
3.968
3.967
3.966
3.966
3.964
3.964
3.964
3.963
3.960
3.959
3.958
3.958
3.957
3.957
3.951
3.950
3.949
3.949
3.948
3.946
3.945
3.943
3.942
3.940
3.938
3.935
3.935
3.934
3.933
3.931
3.929
3.929
3.928
3.928
3.927
3.926
3.924
3.922
3.919
3.918
3.917
3.911
3.910
3.909
3.909
3.909
3.908
3.907
3.906
3.902
3.901
3.901
3.900
3.900
3.897
3.894
3.894
3.893
3.891
3.890
3.890
3.886
3.885
3.885
3.884
3.882
3.882
3.881
3.881
3.880
3.878
3.876
3.874
3.874
3.873
3.872
3.868
3.867
3.867
3.866
3.864
3.863
3.863
3.863
3.860
3.859
3.857
3.856
3.856
3.856
3.855
3.855
3.854
3.854
3.854
3.854
3.854
3.853
3.853
3.852
3.849
3.847
3.847
3.846
3.844
3.844
3.843
3.842
3.840
3.839
3.839
3.838
3.834
3.833
3.830
3.828
3.827
3.826
3.824
3.823
3.822
3.821
3.819
3.818
3.818
3.818
3.814
3.814
3.814
3.813
3.813
3.812
3.808
3.806
3.803
3.803
3.802
3.801
3.801
3.801
3.798
3.797
3.794
3.792
3.789
3.789
3.789
3.788
3.788
3.787
3.782
3.781
3.780
3.777
3.777
3.774
3.774
3.774
3.773
3.773
3.772
3.771
3.771
3.766
3.766
3.765
3.764
3.760
3.757
3.755
3.753
3.753
3.752
3.752
3.751
3.749
3.748
3.748
3.745
3.741
3.740
3.737
3.736
3.734
3.733
3.733
3.733
3.732
3.730
3.729
3.727
3.726
3.726
3.724
3.718
3.717
3.716
3.715
3.713
3.713
3.710
3.709
3.708
3.707
3.707
3.707
3.705
3.705
3.704
3.704
3.702
3.702
3.701
3.701
3.701
3.700
3.700
3.699
3.697
3.697
3.694
3.691
3.690
3.689
3.688
3.687
3.686
3.686
3.686
3.685
3.685
3.684
3.680
3.680
3.679
3.679
3.677
3.677
3.674
3.673
3.673
3.670
3.667
3.665
3.665
3.663
3.663
3.660
3.659
3.658
3.657
3.657
3.656
3.656
3.655
3.652
3.652
3.651
3.645
3.644
3.644
3.642
3.640
3.640
3.640
3.639
3.638
3.638
3.636
3.636
3.632
3.632
3.632
3.632
3.629
3.626
3.626
3.626
3.626
3.625
3.621
3.620
3.618
3.617
3.616
3.616
3.612
3.611
3.610
3.608
3.607
3.606
3.605
3.604
3.604
3.603
3.602
3.601
3.600
3.598
3.597
3.596
3.595
3.592
3.592
3.590
3.588
3.588
3.588
3.588
3.587
3.586
3.580
3.578
3.576
3.575
3.574
3.573
3.573
3.571
3.570
3.569
3.568
3.568
3.568
3.566
3.566
3.565
3.565
3.564
3.563
3.562
3.562
3.561
3.559
3.557
3.557
3.554
3.554
3.550
3.548
3.548
3.548
3.547
3.547
3.546
3.544
3.543
3.543
3.541
3.539
3.537
3.535
3.534
3.533
3.531
3.528
3.527
3.527
3.526
3.525
3.523
3.519
3.518
3.518
3.518
3.518
3.518
3.516
3.513
3.513
3.511
3.510
3.508
3.506
3.505
3.503
3.500
3.497
3.495
3.495
3.495
3.493
3.493
3.492
3.489
3.489
3.489
3.486
3.484
3.482
3.481
3.476
3.475
3.472
3.472
3.470
3.470
3.469
3.469
3.467
3.467
3.465
3.465
3.465
3.464
3.462
3.458
3.457
3.457
3.456
3.456
3.456
3.456
3.456
3.453
3.452
3.450
3.449
3.448
3.448
3.443
3.443
3.441
3.440
3.439
3.439
3.438
3.437
3.437
3.435
3.434
3.431
3.430
3.429
3.428
3.426
3.424
3.423
3.423
3.422
3.420
3.420
3.419
3.418
3.417
3.417
3.416
3.416
3.415
3.415
3.413
3.410
3.409
3.408
3.406
3.405
3.403
3.403
3.399
3.397
3.394
3.391
3.390
3.389
3.389
3.388
3.388
3.387
3.387
3.387
3.385
3.385
3.385
3.384
3.383
3.381
3.381
3.380
3.379
3.379
3.379
3.378
3.377
3.376
3.375
3.375
3.373
3.373
3.373
3.370
3.370
3.369
3.368
3.367
3.366
3.366
3.362
3.361
3.358
3.357
3.356
3.355
3.355
3.355
3.349
3.349
3.348
3.346
3.345
3.345
3.343
3.343
3.341
3.336
3.336
3.333
3.330
3.329
3.329
3.327
3.326
3.322
3.322
3.321
3.321
3.321
3.320
3.319
3.317
3.316
3.313
3.312
3.310
3.307
3.304
3.304
3.303
3.303
3.302
3.301
3.301
3.301
3.300
3.299
3.299
3.298
3.296
3.296
3.294
3.291
3.291
3.290
3.288
3.287
3.286
3.285
3.282
3.282
3.282
3.282
3.280
3.280
3.279
3.278
3.278
3.278
3.276
3.276
3.275
3.275
3.271
3.270
3.270
3.267
3.265
3.263
3.262
3.261
3.260
3.260
3.259
3.259
3.258
3.258
3.257
3.256
3.254
3.249
3.248
3.248
3.242
3.241
3.241
3.240
3.236
3.236
3.235
3.234
3.234
3.231
3.230
3.230
3.230
3.228
3.227
3.227
3.226
3.223
3.223
3.223
3.220
3.219
3.219
3.219
3.218
3.215
3.213
3.211
3.211
3.206
3.204
3.203
3.203
3.201
3.198
3.197
3.197
3.192
3.191
3.189
3.187
3.185
3.185
3.180
3.179
3.177
3.176
3.171
3.171
3.168
3.167
3.166
3.165
3.165
3.162
3.161
3.159
3.157
3.153
3.153
3.153
3.148
3.148
3.147
3.142
3.142
3.140
3.137
3.135
3.135
3.133
3.130
3.130
3.129
3.128
3.127
3.127
3.126
3.126
3.123
3.120
3.119
3.115
3.113
3.112
3.112
3.111
3.110
3.108
3.106
3.105
3.104
3.103
3.102
3.102
3.100
3.100
3.096
3.094
3.093
3.093
3.091
3.091
3.086
3.086
3.085
3.082
3.080
3.080
3.078
3.078
3.074
3.072
3.071
3.071
3.070
3.070
3.069
3.068
3.067
3.067
3.066
3.066
3.066
3.065
3.063
3.060
3.056
3.054
3.053
3.052
3.051
3.051
3.049
3.049
3.047
3.046
3.045
3.045
3.041
3.039
3.039
3.038
3.037
3.035
3.034
3.031
3.030
3.028
3.026
3.025
3.025
3.024
3.023
3.020
3.018
3.018
3.015
3.015
3.013
3.013
3.012
3.011
3.008
3.006
3.006
3.004
3.004
3.004
3.003
3.002
3.000
3.000
2.999
2.999
2.998
2.998
2.997
2.996
2.996
2.994
2.993
2.991
2.989
2.987
2.987
2.986
2.985
2.984
2.984
2.981
2.979
2.979
2.978
2.978
2.977
2.977
2.975
2.972
2.972
2.971
2.971
2.968
2.968
2.967
2.966
2.965
2.964
2.964
2.962
2.961
2.959
2.959
2.959
2.957
2.957
2.956
2.956
2.955
2.954
2.953
2.953
2.952
2.952
2.951
2.949
2.948
2.946
2.945
2.945
2.943
2.942
2.942
2.941
2.941
2.940
2.938
2.937
2.932
2.931
2.930
2.930
2.930
2.926
2.925
2.919
2.917
2.917
2.916
2.911
2.911
2.910
2.910
2.910
2.910
2.909
2.909
2.908
2.906
2.905
2.905
2.905
2.904
2.903
2.901
2.901
2.899
2.899
2.898
2.897
2.897
2.897
2.895
2.893
2.891
2.890
2.890
2.888
2.886
2.885
2.884
2.882
2.882
2.882
2.880
2.880
2.879
2.878
2.877
2.872
2.872
2.872
2.870
2.869
2.868
2.865
2.865
2.865
2.863
2.859
2.859
2.859
2.857
2.857
2.856
2.855
2.855
2.854
2.852
2.852
2.851
2.851
2.845
2.844
2.842
2.842
2.841
2.840
2.839
2.838
2.838
2.837
2.837
2.836
2.835
2.835
2.834
2.831
2.830
2.830
2.829
2.829
2.827
2.827
2.826
2.823
2.821
2.821
2.819
2.818
2.818
2.816
2.815
2.815
2.814
2.812
2.811
2.809
2.809
2.808
2.807
2.807
2.806
2.806
2.805
2.805
2.804
2.804
2.803
2.802
2.801
2.801
2.800
2.795
2.794
2.793
2.793
2.792
2.789
2.789
2.788
2.788
2.788
2.786
2.786
2.785
2.783
2.783
2.783
2.781
2.781
2.779
2.778
2.777
2.777
2.777
2.777
2.777
2.777
2.777
2.777
2.776
2.773
2.772
2.771
2.768
2.768
2.767
2.767
2.767
2.765
2.764
2.759
2.755
2.755
2.751
2.748
2.746
2.746
2.745
2.744
2.743
2.741
2.740
2.737
2.737
2.736
2.735
2.734
2.732
2.731
2.727
2.724
2.723
2.722
2.719
2.719
2.717
2.713
2.713
2.712
2.710
2.708
2.708
2.705
2.705
2.703
2.701
2.700
2.699
2.694
2.693
2.692
2.691
2.691
2.689
2.687
2.686
2.684
2.684
2.683
2.682
2.679
2.675
2.674
2.673
2.671
2.670
2.667
2.667
2.666
2.665
2.665
2.661
2.660
2.659
2.659
2.655
2.652
2.647
2.646
2.645
2.645
2.643
2.641
2.641
2.639
2.636
2.636
2.635
2.635
2.631
2.631
2.631
2.629
2.626
2.625
2.625
2.624
2.624
2.623
2.621
2.620
2.619
2.619
2.619
2.618
2.617
2.616
2.614
2.613
2.612
2.612
2.611
2.609
2.607
2.606
2.606
2.604
2.604
2.603
2.602
2.602
2.601
2.601
2.599
2.597
2.595
2.593
2.592
2.592
2.590
2.587
2.587
2.586
2.585
2.583
2.582
2.580
2.579
2.578
2.576
2.575
2.572
2.570
2.568
2.567
2.566
2.566
2.564
2.563
2.561
2.558
2.556
2.555
2.553
2.552
2.551
2.550
2.548
2.543
2.542
2.541
2.540
2.535
2.535
2.534
2.533
2.532
2.532
2.531
2.530
2.529
2.529
2.527
2.525
2.523
2.521
2.521
2.517
2.516
2.516
2.514
2.509
2.507
2.506
2.506
2.506
2.503
2.500
2.499
2.498
2.498
2.496
2.496
2.495
2.493
2.492
2.491
2.490
2.487
2.487
2.486
2.486
2.485
2.482
2.482
2.482
2.481
2.479
2.478
2.474
2.474
2.473
2.473
2.471
2.467
2.466
2.465
2.463
2.463
2.462
2.461
2.461
2.461
2.459
2.456
2.456
2.455
2.454
2.453
2.453
2.452
2.451
2.448
2.448
2.448
2.448
2.447
2.442
2.439
2.438
2.435
2.433
2.433
2.433
2.432
2.432
2.431
2.429
2.428
2.426
2.424
2.423
2.423
2.423
2.422
2.421
2.421
2.417
2.415
2.415
2.414
2.414
2.414
2.413
2.412
2.411
2.410
2.410
2.410
2.407
2.405
2.405
2.398
2.398
2.395
2.395
2.394
2.393
2.393
2.390
2.384
2.384
2.384
2.382
2.380
2.379
2.379
2.377
2.375
2.374
2.371
2.367
2.366
2.366
2.365
2.364
2.363
2.363
2.361
2.360
2.360
2.360
2.358
2.358
2.355
2.352
2.352
2.351
2.349
2.349
2.349
2.349
2.348
2.348
2.348
2.344
2.342
2.341
2.340
2.340
2.339
2.339
2.338
2.337
2.334
2.334
2.331
2.331
2.330
2.326
2.325
2.324
2.323
2.323
2.319
2.318
2.318
2.317
2.316
2.316
2.314
2.313
2.311
2.310
2.309
2.306
2.305
2.303
2.300
2.299
2.297
2.295
2.295
2.293
2.293
2.292
2.291
2.288
2.287
2.286
2.286
2.284
2.282
2.282
2.279
2.279
2.276
2.276
2.274
2.273
2.272
2.271
2.270
2.267
2.267
2.267
2.266
2.266
2.264
2.264
2.257
2.256
2.256
2.255
2.254
2.251
2.250
2.249
2.249
2.249
2.246
2.245
2.244
2.244
2.244
2.244
2.243
2.241
2.239
2.238
2.236
2.234
2.234
2.233
2.233
2.232
2.232
2.229
2.227
2.227
2.227
2.227
2.226
2.225
2.223
2.222
2.220
2.218
2.218
2.217
2.216
2.216
2.216
2.215
2.214
2.213
2.212
2.211
2.210
2.209
2.209
2.208
2.207
2.207
2.206
2.205
2.205
2.205
2.204
2.204
2.200
2.198
2.195
2.195
2.194
2.194
2.192
2.192
2.192
2.190
2.190
2.189
2.185
2.184
2.184
2.179
2.179
2.178
2.176
2.176
2.173
2.172
2.172
2.171
2.170
2.169
2.164
2.164
2.162
2.162
2.159
2.158
2.158
2.153
2.153
2.149
2.141
2.137
2.135
2.135
2.131
2.131
2.130
2.130
2.127
2.127
2.124
2.120
2.117
2.117
2.117
2.117
2.116
2.113
2.113
2.112
2.110
2.107
2.107
2.107
2.106
2.105
2.103
2.102
2.100
2.097
2.095
2.095
2.094
2.094
2.093
2.092
2.092
2.092
2.092
2.090
2.090
2.088
2.088
2.088
2.088
2.088
2.087
2.086
2.086
2.085
2.083
2.081
2.081
2.076
2.076
2.075
2.075
2.075
2.073
2.073
2.072
2.071
2.070
2.070
2.069
2.069
2.068
2.068
2.067
2.064
2.063
2.057
2.057
2.056
2.053
2.053
2.050
2.049
2.047
2.041
2.041
2.039
2.037
2.037
2.036
2.036
2.035
2.033
2.032
2.031
2.029
2.028
2.026
2.025
2.024
2.021
2.021
2.020
2.018
2.018
2.018
2.017
2.014
2.012
2.010
2.009
2.009
2.008
2.006
2.006
2.005
2.005
2.003
2.002
2.001
1.996
1.993
1.992
1.989
1.986
1.984
1.982
1.981
1.980
1.976
1.976
1.973
1.973
1.972
1.972
1.969
1.969
1.964
1.963
1.961
1.955
1.953
1.952
1.952
1.951
1.950
1.949
1.949
1.948
1.947
1.946
1.946
1.945
1.942
1.940
1.940
1.939
1.938
1.937
1.935
1.933
1.933
1.933
1.933
1.932
1.932
1.930
1.926
1.923
1.923
1.913
1.911
1.910
1.910
1.909
1.905
1.905
1.905
1.902
1.902
1.901
1.901
1.901
1.901
1.898
1.898
1.896
1.893
1.892
1.892
1.891
1.890
1.889
1.889
1.888
1.887
1.886
1.885
1.884
1.884
1.883
1.881
1.881
1.879
1.878
1.877
1.877
1.876
1.874
1.872
1.871
1.871
1.870
1.869
1.864
1.862
1.859
1.858
1.857
1.854
1.853
1.850
1.850
1.849
1.849
1.847
1.846
1.845
1.844
1.843
1.842
1.841
1.841
1.841
1.841
1.839
1.837
1.833
1.832
1.832
1.829
1.829
1.822
1.821
1.819
1.818
1.818
1.815
1.815
1.813
1.807
1.807
1.806
1.804
1.803
1.802
1.800
1.799
1.798
1.798
1.797
1.792
1.790
1.789
1.788
1.788
1.787
1.782
1.782
1.780
1.778
1.775
1.774
1.773
1.773
1.772
1.769
1.768
1.766
1.766
1.766
1.765
1.765
1.762
1.762
1.760
1.757
1.757
1.756
1.754
1.754
1.753
1.752
1.752
1.750
1.750
1.748
1.747
1.744
1.742
1.742
1.742
1.741
1.741
1.740
1.739
1.736
1.736
1.733
1.730
1.730
1.730
1.727
1.726
1.726
1.726
1.725
1.724
1.722
1.720
1.720
1.719
1.719
1.718
1.717
1.716
1.715
1.715
1.714
1.713
1.713
1.713
1.712
1.710
1.706
1.706
1.704
1.700
1.700
1.698
1.696
1.696
1.695
1.694
1.693
1.693
1.690
1.689
1.689
1.687
1.686
1.680
1.679
1.678
1.678
1.678
1.677
1.674
1.674
1.673
1.673
1.671
1.668
1.665
1.664
1.663
1.663
1.661
1.660
1.657
1.657
1.656
1.651
1.651
1.648
1.647
1.647
1.647
1.647
1.644
1.643
1.642
1.642
1.641
1.641
1.641
1.641
1.639
1.636
1.634
1.634
1.634
1.632
1.632
1.631
1.627
1.625
1.624
1.624
1.623
1.620
1.618
1.617
1.617
1.617
1.617
1.616
1.616
1.616
1.614
1.613
1.610
1.610
1.609
1.608
1.604
1.604
1.603
1.603
1.602
1.602
1.602
1.600
1.599
1.598
1.598
1.596
1.596
1.593
1.593
1.593
1.591
1.591
1.590
1.589
1.587
1.585
1.584
1.584
1.583
1.582
1.582
1.582
1.578
1.578
1.577
1.577
1.575
1.573
1.566
1.566
1.565
1.563
1.563
1.561
1.552
1.551
1.550
1.548
1.547
1.545
1.542
1.539
1.538
1.536
1.535
1.535
1.534
1.531
1.529
1.526
1.522
1.522
1.520
1.519
1.517
1.516
1.514
1.514
1.513
1.512
1.510
1.509
1.508
1.508
1.500
1.500
1.498
1.498
1.497
1.494
1.492
1.491
1.489
1.489
1.487
1.486
1.486
1.485
1.484
1.483
1.480
1.479
1.479
1.479
1.476
1.476
1.474
1.474
1.471
1.469
1.469
1.469
1.468
1.464
1.464
1.460
1.459
1.458
1.457
1.456
1.456
1.456
1.455
1.454
1.453
1.452
1.452
1.452
1.452
1.452
1.448
1.445
1.445
1.443
1.442
1.442
1.441
1.441
1.441
1.440
1.436
1.431
1.431
1.430
1.429
1.429
1.429
1.428
1.427
1.427
1.425
1.425
1.424
1.422
1.422
1.419
1.418
1.418
1.417
1.417
1.417
1.416
1.416
1.415
1.412
1.409
1.409
1.408
1.407
1.405
1.405
1.404
1.402
1.401
1.400
1.400
1.398
1.397
1.394
1.392
1.391
1.390
1.389
1.388
1.387
1.385
1.382
1.380
1.379
1.378
1.375
1.373
1.370
1.370
1.368
1.368
1.368
1.366
1.364
1.362
1.362
1.361
1.361
1.360
1.360
1.359
1.359
1.358
1.357
1.357
1.354
1.353
1.350
1.348
1.346
1.346
1.345
1.344
1.341
1.340
1.336
1.335
1.335
1.333
1.332
1.330
1.327
1.325
1.322
1.320
1.320
1.320
1.318
1.315
1.314
1.312
1.307
1.307
1.306
1.306
1.304
1.304
1.303
1.302
1.301
1.300
1.300
1.299
1.298
1.297
1.296
1.296
1.295
1.292
1.291
1.290
1.289
1.284
1.284
1.284
1.282
1.281
1.281
1.278
1.277
1.277
1.277
1.275
1.272
1.271
1.268
1.268
1.268
1.264
1.263
1.263
1.262
1.261
1.261
1.260
1.259
1.256
1.254
1.254
1.252
1.251
1.251
1.250
1.250
1.249
1.249
1.248
1.247
1.244
1.244
1.238
1.238
1.236
1.234
1.234
1.233
1.233
1.231
1.230
1.228
1.225
1.223
1.222
1.221
1.221
1.220
1.218
1.217
1.214
1.212
1.211
1.211
1.211
1.211
1.211
1.210
1.209
1.207
1.207
1.206
1.205
1.205
1.204
1.198
1.196
1.196
1.196
1.194
1.194
1.193
1.192
1.192
1.191
1.189
1.189
1.188
1.188
1.186
1.182
1.180
1.179
1.176
1.176
1.175
1.174
1.171
1.168
1.167
1.167
1.164
1.164
1.163
1.161
1.160
1.159
1.155
1.153
1.151
1.146
1.145
1.143
1.139
1.139
1.138
1.137
1.132
1.132
1.131
1.131
1.130
1.128
1.126
1.126
1.126
1.123
1.123
1.123
1.122
1.122
1.121
1.119
1.118
1.117
1.113
1.111
1.110
1.110
1.109
1.107
1.106
1.105
1.104
1.104
1.104
1.104
1.102
1.098
1.097
1.096
1.095
1.094
1.093
1.092
1.092
1.091
1.089
1.088
1.088
1.087
1.086
1.085
1.082
1.079
1.079
1.079
1.078
1.078
1.077
1.075
1.075
1.074
1.072
1.072
1.071
1.071
1.070
1.068
1.068
1.067
1.066
1.065
1.065
1.063
1.062
1.059
1.057
1.053
1.050
1.047
1.046
1.045
1.045
1.043
1.042
1.042
1.042
1.041
1.040
1.035
1.031
1.027
1.025
1.024
1.018
1.017
1.014
1.014
1.014
1.012
1.012
1.012
1.011
1.010
1.010
1.007
1.007
1.007
1.007
1.006
1.004
1.002
1.002
1.002
1.001
1.001
0.999
0.997
0.995
0.993
0.993
0.992
0.991
0.990
0.988
0.988
0.988
0.987
0.987
0.986
0.985
0.984
0.982
0.982
0.980
0.979
0.979
0.978
0.977
0.976
0.975
0.973
0.973
0.968
0.967
0.966
0.965
0.964
0.964
0.964
0.963
0.963
0.963
0.963
0.962
0.960
0.960
0.959
0.959
0.957
0.954
0.953
0.948
0.947
0.947
0.947
0.945
0.942
0.941
0.940
0.938
0.937
0.936
0.935
0.934
0.934
0.934
0.930
0.929
0.929
0.929
0.927
0.927
0.925
0.921
0.921
0.920
0.917
0.916
0.915
0.915
0.914
0.912
0.911
0.911
0.908
0.907
0.906
0.906
0.903
0.903
0.902
0.901
0.900
0.899
0.899
0.896
0.893
0.892
0.891
0.891
0.890
0.890
0.889
0.889
0.885
0.884
0.883
0.881
0.880
0.879
0.879
0.877
0.877
0.876
0.875
0.875
0.875
0.874
0.871
0.871
0.870
0.869
0.868
0.868
0.867
0.866
0.865
0.865
0.862
0.861
0.861
0.861
0.861
0.860
0.856
0.856
0.851
0.849
0.849
0.848
0.847
0.847
0.845
0.845
0.844
0.840
0.839
0.839
0.839
0.836
0.835
0.835
0.835
0.832
0.831
0.824
0.823
0.823
0.822
0.821
0.820
0.819
0.818
0.816
0.815
0.814
0.813
0.810
0.809
0.806
0.806
0.806
0.805
0.804
0.804
0.802
0.801
0.801
0.797
0.797
0.797
0.796
0.796
0.795
0.794
0.790
0.788
0.786
0.786
0.785
0.781
0.780
0.779
0.776
0.775
0.774
0.773
0.771
0.769
0.768
0.764
0.764
0.762
0.762
0.759
0.757
0.755
0.754
0.754
0.752
0.752
0.750
0.749
0.749
0.748
0.746
0.746
0.746
0.744
0.740
0.740
0.739
0.732
0.732
0.731
0.731
0.729
0.727
0.727
0.723
0.722
0.722
0.720
0.718
0.716
0.714
0.712
0.711
0.711
0.708
0.706
0.706
0.704
0.704
0.703
0.703
0.701
0.695
0.694
0.694
0.692
0.691
0.691
0.690
0.690
0.689
0.688
0.685
0.685
0.684
0.683
0.681
0.680
0.679
0.677
0.677
0.677
0.677
0.675
0.675
0.674
0.672
0.671
0.669
0.669
0.668
0.664
0.660
0.659
0.659
0.658
0.657
0.655
0.654
0.651
0.651
0.650
0.648
0.647
0.645
0.644
0.644
0.643
0.643
0.641
0.640
0.640
0.639
0.635
0.634
0.634
0.630
0.630
0.625
0.623
0.622
0.618
0.617
0.613
0.613
0.613
0.613
0.607
0.605
0.604
0.604
0.603
0.599
0.598
0.598
0.597
0.596
0.596
0.594
0.594
0.593
0.593
0.593
0.592
0.589
0.588
0.585
0.584
0.583
0.581
0.581
0.579
0.577
0.575
0.574
0.573
0.570
0.569
0.568
0.566
0.564
0.563
0.562
0.562
0.562
0.561
0.561
0.559
0.557
0.557
0.557
0.554
0.554
0.553
0.551
0.550
0.548
0.547
0.546
0.543
0.543
0.543
0.538
0.537
0.536
0.536
0.535
0.534
0.532
0.531
0.531
0.530
0.529
0.527
0.526
0.525
0.523
0.522
0.521
0.519
0.519
0.519
0.515
0.513
0.512
0.511
0.510
0.510
0.510
0.509
0.507
0.507
0.505
0.505
0.503
0.502
0.501
0.501
0.501
0.501
0.499
0.498
0.496
0.496
0.496
0.495
0.495
0.494
0.493
0.493
0.492
0.492
0.491
0.491
0.490
0.489
0.489
0.488
0.487
0.485
0.484
0.484
0.479
0.477
0.477
0.476
0.476
0.475
0.475
0.475
0.473
0.473
0.472
0.470
0.469
0.468
0.466
0.463
0.460
0.459
0.459
0.459
0.458
0.456
0.455
0.454
0.448
0.445
0.445
0.442
0.442
0.442
0.439
0.438
0.437
0.437
0.437
0.436
0.435
0.435
0.434
0.432
0.431
0.429
0.429
0.427
0.427
0.426
0.425
0.422
0.421
0.420
0.419
0.419
0.415
0.414
0.412
0.411
0.411
0.411
0.407
0.406
0.404
0.401
0.400
0.400
0.399
0.397
0.393
0.392
0.392
0.391
0.391
0.391
0.390
0.390
0.389
0.384
0.383
0.382
0.378
0.377
0.375
0.373
0.366
0.366
0.366
0.366
0.364
0.364
0.363
0.361
0.360
0.360
0.360
0.359
0.356
0.353
0.352
0.351
0.349
0.348
0.348
0.347
0.347
0.347
0.347
0.346
0.341
0.341
0.339
0.339
0.337
0.337
0.337
0.333
0.333
0.332
0.332
0.331
0.331
0.330
0.330
0.329
0.329
0.329
0.327
0.326
0.326
0.324
0.324
0.324
0.323
0.322
0.320
0.318
0.316
0.315
0.313
0.312
0.312
0.312
0.309
0.307
0.306
0.304
0.304
0.303
0.302
0.302
0.299
0.299
0.295
0.292
0.292
0.289
0.289
0.288
0.287
0.286
0.285
0.281
0.280
0.278
0.277
0.275
0.274
0.274
0.273
0.272
0.269
0.268
0.268
0.268
0.267
0.267
0.266
0.265
0.262
0.260
0.258
0.258
0.257
0.255
0.253
0.252
0.251
0.250
0.248
0.243
0.238
0.236
0.236
0.233
0.233
0.232
0.230
0.228
0.226
0.226
0.223
0.223
0.222
0.219
0.217
0.217
0.215
0.215
0.215
0.215
0.215
0.215
0.214
0.208
0.208
0.208
0.208
0.206
0.205
0.205
0.201
0.201
0.200
0.199
0.198
0.197
0.194
0.192
0.192
0.191
0.191
0.189
0.189
0.187
0.183
0.183
0.181
0.180
0.179
0.177
0.177
0.176
0.174
0.173
0.173
0.172
0.171
0.171
0.169
0.164
0.163
0.163
0.162
0.161
0.158
0.157
0.157
0.151
0.151
0.151
0.149
0.149
0.144
0.142
0.141
0.140
0.139
0.138
0.138
0.137
0.132
0.132
0.132
0.131
0.130
0.127
0.127
0.127
0.125
0.124
0.123
0.122
0.122
0.120
0.118
0.118
0.115
0.115
0.113
0.112
0.111
0.108
0.108
0.107
0.106
0.106
0.104
0.101
0.101
0.101
0.101
0.100
0.098
0.097
0.096
0.096
0.095
0.094
El beneficio obtenido por el hijo 1 es: 40127.264

Hijo 2:
0.093
0.092
0.091
0.090
0.090
0.089
0.087
0.084
0.084
0.084
0.083
0.083
0.081
0.080
0.080
0.079
0.079
0.078
0.078
0.077
0.076
0.076
0.076
0.074
0.074
0.074
0.074
0.074
0.073
0.071
0.071
0.069
0.063
0.063
0.058
0.058
0.057
0.055
0.048
0.046
0.046
0.043
0.043
0.038
0.038
0.038
0.036
0.036
0.032
0.031
0.031
0.030
0.028
0.026
0.026
0.023
0.021
0.016
0.014
0.013
0.013
0.012
0.011
0.010
0.004
0.001
El beneficio obtenido por el hijo 2 es: 3.671

