El rango aleatorio es: 1326

Hijo 1(mayor beneficio):
9.986
9.985
9.976
9.974
9.964
9.962
9.961
9.956
9.943
9.943
9.939
9.930
9.928
9.927
9.911
9.906
9.895
9.893
9.878
9.874
9.855
9.847
9.842
9.840
9.840
9.840
9.830
9.820
9.819
9.807
9.807
9.785
9.778
9.772
9.771
9.769
9.753
9.744
9.726
9.726
9.722
9.704
9.700
9.699
9.681
9.669
9.669
9.666
9.663
9.662
9.660
9.660
9.659
9.654
9.642
9.636
9.632
9.626
9.623
9.619
9.609
9.596
9.595
9.566
9.562
9.561
9.560
9.547
9.547
9.546
9.540
9.535
9.532
9.519
9.509
9.503
9.503
9.500
9.493
9.492
9.485
9.479
9.471
9.470
9.461
9.457
9.452
9.441
9.431
9.428
9.427
9.424
9.404
9.401
9.401
9.400
9.396
9.392
9.391
9.387
9.384
9.373
9.368
9.365
9.359
9.349
9.348
9.343
9.333
9.323
9.315
9.313
9.312
9.312
9.310
9.307
9.301
9.291
9.284
9.272
9.272
9.267
9.259
9.251
9.244
9.244
9.242
9.242
9.239
9.236
9.235
9.234
9.233
9.229
9.218
9.201
9.167
9.166
9.155
9.152
9.148
9.138
9.131
9.130
9.129
9.126
9.111
9.104
9.101
9.079
9.072
9.064
9.063
9.063
9.060
9.051
9.041
9.034
9.027
9.022
9.020
9.017
9.013
9.009
8.974
8.972
8.967
8.964
8.958
8.951
8.947
8.944
8.941
8.939
8.930
8.927
8.922
8.916
8.915
8.914
8.914
8.906
8.898
8.886
8.882
8.876
8.874
8.847
8.840
8.838
8.828
8.820
8.810
8.809
8.788
8.778
8.767
8.758
8.757
8.753
8.744
8.731
8.722
8.721
8.712
8.704
8.700
8.694
8.687
8.679
8.677
8.648
8.644
8.644
8.639
8.631
8.619
8.608
8.607
8.603
8.587
8.587
8.585
8.585
8.582
8.573
8.563
8.558
8.554
8.551
8.544
8.538
8.534
8.528
8.519
8.514
8.512
8.507
8.497
8.496
8.493
8.484
8.481
8.468
8.439
8.433
8.429
8.427
8.424
8.398
8.388
8.380
8.370
8.368
8.348
8.347
8.340
8.334
8.329
8.319
8.316
8.308
8.303
8.301
8.292
8.288
8.278
8.272
8.269
8.268
8.254
8.245
8.237
8.229
8.223
8.207
8.200
8.187
8.186
8.185
8.184
8.184
8.177
8.176
8.168
8.168
8.165
8.156
8.147
8.146
8.140
8.137
8.135
8.129
8.129
8.126
8.125
8.114
8.113
8.107
8.106
8.097
8.095
8.079
8.073
8.060
8.055
8.019
8.012
8.006
8.006
8.005
7.991
7.982
7.963
7.962
7.958
7.956
7.939
7.937
7.919
7.917
7.900
7.889
7.885
7.880
7.879
7.879
7.865
7.864
7.863
7.858
7.848
7.840
7.839
7.837
7.831
7.808
7.806
7.791
7.783
7.782
7.762
7.761
7.760
7.756
7.754
7.753
7.749
7.740
7.737
7.736
7.731
7.718
7.715
7.711
7.711
7.706
7.704
7.699
7.696
7.679
7.678
7.672
7.671
7.666
7.645
7.642
7.635
7.632
7.632
7.625
7.623
7.617
7.607
7.607
7.607
7.593
7.590
7.584
7.575
7.558
7.553
7.548
7.543
7.541
7.540
7.532
7.525
7.524
7.514
7.509
7.498
7.494
7.492
7.485
7.479
7.476
7.469
7.457
7.455
7.454
7.452
7.451
7.447
7.439
7.436
7.431
7.430
7.429
7.420
7.412
7.410
7.410
7.395
7.395
7.393
7.375
7.374
7.373
7.370
7.362
7.359
7.357
7.354
7.352
7.350
7.349
7.338
7.337
7.329
7.317
7.305
7.302
7.286
7.286
7.277
7.273
7.272
7.272
7.260
7.247
7.241
7.232
7.219
7.212
7.201
7.194
7.191
7.191
7.182
7.176
7.175
7.170
7.158
7.157
7.154
7.147
7.133
7.129
7.118
7.109
7.107
7.106
7.100
7.100
7.097
7.095
7.095
7.088
7.080
7.078
7.074
7.073
7.066
7.066
7.066
7.063
7.060
7.059
7.059
7.038
7.037
7.033
7.024
7.023
7.007
7.007
6.991
6.980
6.976
6.972
6.961
6.959
6.955
6.948
6.937
6.933
6.932
6.910
6.909
6.907
6.898
6.884
6.878
6.874
6.857
6.857
6.856
6.850
6.826
6.824
6.823
6.821
6.794
6.783
6.761
6.749
6.728
6.727
6.708
6.703
6.698
6.697
6.692
6.691
6.680
6.658
6.657
6.657
6.642
6.639
6.629
6.626
6.620
6.609
6.607
6.581
6.578
6.577
6.575
6.570
6.564
6.560
6.557
6.557
6.555
6.552
6.539
6.536
6.532
6.522
6.522
6.498
6.493
6.487
6.475
6.462
6.460
6.456
6.441
6.436
6.435
6.429
6.416
6.403
6.401
6.399
6.397
6.387
6.382
6.372
6.370
6.369
6.366
6.365
6.350
6.347
6.345
6.340
6.310
6.293
6.280
6.278
6.259
6.258
6.257
6.252
6.250
6.246
6.239
6.228
6.228
6.222
6.221
6.221
6.219
6.218
6.215
6.211
6.206
6.203
6.203
6.190
6.189
6.186
6.181
6.178
6.178
6.161
6.152
6.150
6.149
6.148
6.144
6.138
6.132
6.132
6.127
6.124
6.096
6.088
6.080
6.071
6.064
6.062
6.053
6.039
6.039
6.032
6.026
6.005
5.996
5.995
5.991
5.973
5.970
5.970
5.963
5.959
5.951
5.944
5.930
5.928
5.922
5.920
5.919
5.912
5.897
5.887
5.881
5.872
5.864
5.857
5.851
5.841
5.838
5.835
5.833
5.831
5.830
5.827
5.804
5.799
5.796
5.795
5.795
5.794
5.793
5.767
5.760
5.757
5.755
5.740
5.737
5.731
5.725
5.710
5.708
5.703
5.702
5.697
5.695
5.691
5.690
5.684
5.681
5.677
5.671
5.660
5.654
5.645
5.645
5.643
5.642
5.636
5.633
5.625
5.619
5.615
5.606
5.606
5.590
5.582
5.545
5.534
5.534
5.534
5.531
5.530
5.527
5.522
5.520
5.511
5.509
5.508
5.498
5.477
5.474
5.474
5.471
5.466
5.466
5.453
5.441
5.441
5.440
5.440
5.437
5.437
5.433
5.428
5.425
5.422
5.410
5.410
5.398
5.378
5.371
5.365
5.359
5.348
5.345
5.342
5.324
5.292
5.291
5.290
5.284
5.281
5.270
5.265
5.262
5.251
5.247
5.243
5.231
5.220
5.201
5.192
5.186
5.182
5.161
5.159
5.153
5.149
5.129
5.128
5.124
5.121
5.119
5.099
5.093
5.091
5.073
5.063
5.062
5.062
5.058
5.058
5.042
5.041
5.033
5.027
5.020
5.020
5.017
5.001
4.986
4.985
4.968
4.965
4.961
4.955
4.955
4.951
4.950
4.947
4.945
4.940
4.916
4.912
4.910
4.901
4.891
4.888
4.886
4.875
4.859
4.855
4.850
4.849
4.848
4.844
4.836
4.830
4.826
4.817
4.817
4.808
4.807
4.803
4.802
4.793
4.791
4.781
4.777
4.773
4.769
4.769
4.756
4.755
4.755
4.747
4.745
4.732
4.723
4.719
4.719
4.709
4.708
4.702
4.699
4.686
4.672
4.666
4.666
4.665
4.662
4.652
4.652
4.648
4.640
4.637
4.622
4.614
4.614
4.605
4.604
4.604
4.599
4.598
4.595
4.592
4.589
4.589
4.584
4.579
4.579
4.576
4.567
4.548
4.547
4.547
4.541
4.537
4.533
4.515
4.511
4.510
4.506
4.506
4.495
4.492
4.460
4.457
4.452
4.449
4.448
4.438
4.435
4.434
4.433
4.404
4.403
4.401
4.394
4.378
4.370
4.370
4.366
4.365
4.352
4.346
4.333
4.292
4.288
4.288
4.288
4.281
4.280
4.280
4.270
4.269
4.261
4.260
4.255
4.248
4.246
4.244
4.244
4.241
4.235
4.233
4.230
4.215
4.212
4.204
4.190
4.187
4.179
4.174
4.167
4.148
4.137
4.129
4.127
4.126
4.124
4.124
4.122
4.117
4.101
4.091
4.081
4.079
4.076
4.076
4.071
4.069
4.064
4.052
4.042
4.030
4.026
4.023
4.023
4.015
4.011
3.998
3.996
3.995
3.992
3.990
3.986
3.984
3.983
3.975
3.974
3.964
3.960
3.952
3.948
3.948
3.936
3.921
3.912
3.906
3.900
3.898
3.894
3.888
3.883
3.880
3.876
3.875
3.874
3.868
3.864
3.846
3.844
3.843
3.841
3.836
3.831
3.827
3.816
3.815
3.811
3.809
3.803
3.802
3.797
3.797
3.793
3.792
3.791
3.782
3.778
3.776
3.770
3.759
3.757
3.753
3.753
3.750
3.747
3.744
3.740
3.712
3.706
3.705
3.701
3.700
3.697
3.684
3.676
3.675
3.666
3.652
3.640
3.638
3.621
3.610
3.610
3.606
3.604
3.602
3.592
3.588
3.577
3.571
3.567
3.560
3.555
3.554
3.550
3.549
3.547
3.546
3.545
3.541
3.536
3.533
3.532
3.532
3.526
3.526
3.516
3.511
3.509
3.488
3.472
3.462
3.455
3.452
3.448
3.439
3.425
3.425
3.424
3.422
3.418
3.397
3.388
3.388
3.382
3.381
3.372
3.364
3.363
3.356
3.355
3.336
3.331
3.325
3.318
3.316
3.310
3.296
3.274
3.264
3.257
3.256
3.255
3.253
3.249
3.247
3.243
3.231
3.226
3.217
3.212
3.211
3.204
3.203
3.201
3.200
3.179
3.177
3.177
3.172
3.170
3.160
3.151
3.142
3.138
3.120
3.110
3.109
3.095
3.094
3.080
3.069
3.067
3.065
3.049
3.041
3.040
3.039
3.037
3.034
3.028
3.010
3.008
3.002
2.993
2.975
2.972
2.969
2.966
2.965
2.964
2.959
2.950
2.950
2.949
2.942
2.921
2.905
2.889
2.885
2.873
2.870
2.868
2.857
2.846
2.843
2.842
2.842
2.834
2.834
2.826
2.823
2.791
2.785
2.773
2.768
2.768
2.763
2.751
2.748
2.738
2.737
2.731
2.722
2.721
2.709
2.706
2.699
2.696
2.696
2.695
2.695
2.693
2.690
2.688
2.676
2.665
2.665
2.659
2.639
2.631
2.623
2.620
2.615
2.610
2.608
2.608
2.594
2.590
2.584
2.580
2.568
2.556
2.549
2.535
2.532
2.527
2.517
2.514
2.499
2.489
2.485
2.480
2.473
2.461
2.455
2.451
2.447
2.439
2.431
2.426
2.423
2.422
2.420
2.419
2.415
2.414
2.410
2.408
2.408
2.399
2.397
2.396
2.389
2.377
2.364
2.357
2.357
2.350
2.348
2.341
2.332
2.324
2.318
2.309
2.301
2.296
2.284
2.280
2.277
2.268
2.259
2.252
2.248
2.245
2.242
2.241
2.238
2.231
2.225
2.211
2.207
2.192
2.189
2.186
2.183
2.178
2.176
2.168
2.161
2.159
2.156
2.152
2.143
2.142
2.136
2.127
2.106
2.105
2.097
2.093
2.093
2.085
2.084
2.079
2.075
2.072
2.072
2.068
2.066
2.063
2.058
2.042
2.038
2.028
2.026
2.014
2.011
2.002
2.002
1.995
1.974
1.974
1.965
1.960
1.954
1.948
1.934
1.927
1.917
1.898
1.891
1.884
1.858
1.857
1.850
1.846
1.840
1.830
1.828
1.828
1.825
1.823
1.818
El beneficio obtenido por el hijo 1 es: 7775.270

Hijo 2:
1.817
1.814
1.811
1.802
1.800
1.781
1.777
1.766
1.760
1.757
1.742
1.738
1.720
1.712
1.700
1.700
1.683
1.679
1.676
1.675
1.672
1.664
1.653
1.634
1.608
1.606
1.604
1.602
1.599
1.598
1.585
1.563
1.553
1.547
1.538
1.517
1.513
1.512
1.499
1.498
1.493
1.490
1.484
1.473
1.466
1.452
1.449
1.449
1.436
1.423
1.417
1.415
1.396
1.390
1.390
1.385
1.371
1.362
1.355
1.349
1.348
1.336
1.326
1.322
1.319
1.295
1.295
1.289
1.285
1.284
1.283
1.278
1.276
1.273
1.247
1.245
1.243
1.235
1.227
1.216
1.213
1.212
1.192
1.187
1.177
1.171
1.171
1.159
1.148
1.143
1.128
1.106
1.106
1.104
1.101
1.093
1.084
1.081
1.079
1.074
1.069
1.069
1.066
1.051
1.048
1.047
1.044
1.044
1.041
1.041
1.019
1.019
1.011
1.011
1.010
1.000
0.999
0.985
0.975
0.967
0.956
0.948
0.948
0.944
0.932
0.918
0.905
0.902
0.900
0.892
0.888
0.879
0.874
0.872
0.868
0.866
0.863
0.861
0.857
0.854
0.849
0.849
0.841
0.838
0.819
0.813
0.799
0.798
0.777
0.760
0.743
0.743
0.742
0.738
0.736
0.731
0.730
0.722
0.719
0.703
0.703
0.699
0.691
0.675
0.670
0.666
0.654
0.651
0.645
0.630
0.628
0.626
0.622
0.608
0.603
0.590
0.586
0.582
0.557
0.556
0.546
0.543
0.530
0.524
0.523
0.523
0.521
0.517
0.516
0.513
0.496
0.495
0.485
0.481
0.477
0.470
0.463
0.455
0.445
0.442
0.441
0.440
0.431
0.430
0.427
0.419
0.395
0.380
0.377
0.376
0.353
0.343
0.341
0.326
0.305
0.304
0.300
0.289
0.285
0.281
0.279
0.271
0.267
0.266
0.266
0.256
0.254
0.250
0.250
0.248
0.244
0.240
0.240
0.238
0.237
0.227
0.222
0.218
0.211
0.205
0.203
0.200
0.200
0.191
0.185
0.175
0.173
0.169
0.166
0.163
0.162
0.143
0.132
0.132
0.129
0.127
0.120
0.105
0.096
0.095
0.089
0.089
0.087
0.074
0.073
0.051
0.047
0.047
0.043
0.030
0.030
0.028
0.021
0.008
El beneficio obtenido por el hijo 2 es: 235.693

