El rango aleatorio es: 426

Hijo 1(mayor beneficio):
9.985
9.943
9.943
9.911
9.906
9.847
9.842
9.840
9.820
9.785
9.772
9.753
9.744
9.722
9.700
9.663
9.632
9.596
9.560
9.519
9.500
9.492
9.471
9.470
9.461
9.452
9.428
9.404
9.401
9.401
9.400
9.391
9.359
9.349
9.333
9.312
9.310
9.307
9.272
9.242
9.236
9.233
9.218
9.167
9.166
9.155
9.104
9.101
9.013
8.967
8.951
8.916
8.914
8.906
8.876
8.840
8.838
8.828
8.758
8.757
8.753
8.731
8.722
8.721
8.700
8.687
8.679
8.639
8.631
8.603
8.587
8.563
8.519
8.433
8.427
8.380
8.370
8.334
8.329
8.319
8.316
8.278
8.272
8.176
8.168
8.137
8.126
8.107
8.095
8.079
8.012
7.982
7.963
7.937
7.900
7.880
7.879
7.865
7.864
7.863
7.858
7.756
7.753
7.737
7.711
7.699
7.696
7.672
7.671
7.635
7.617
7.607
7.575
7.543
7.514
7.498
7.494
7.476
7.455
7.451
7.439
7.412
7.410
7.354
7.352
7.349
7.305
7.273
7.241
7.212
7.191
7.176
7.175
7.158
7.154
7.133
7.129
7.109
7.063
7.007
7.007
6.961
6.932
6.910
6.884
6.878
6.857
6.857
6.850
6.823
6.794
6.728
6.703
6.692
6.642
6.629
6.581
6.577
6.557
6.498
6.493
6.475
6.460
6.441
6.435
6.429
6.416
6.401
6.397
6.382
6.372
6.370
6.369
6.366
6.310
6.259
6.250
6.246
6.228
6.215
6.203
6.181
6.150
6.144
6.127
6.064
6.026
6.005
5.973
5.970
5.944
5.922
5.920
5.897
5.881
5.755
5.737
5.710
5.703
5.695
5.671
5.654
5.645
5.615
5.590
5.534
5.509
5.474
5.422
5.398
5.345
5.342
5.291
5.270
5.251
5.247
5.243
5.201
5.192
5.093
5.073
5.062
5.058
5.041
5.020
5.001
4.968
4.955
4.951
4.910
4.849
4.817
4.807
4.777
4.773
4.769
4.732
4.709
4.702
4.666
4.652
4.640
4.637
4.595
4.579
4.567
4.548
4.547
4.533
4.511
4.452
4.403
4.378
4.370
4.366
4.288
4.288
4.288
4.280
4.260
4.255
4.248
4.246
4.244
4.235
4.233
4.230
4.212
4.167
4.129
4.127
4.126
4.124
4.122
4.101
4.091
4.076
4.071
4.011
3.996
3.964
3.952
3.912
3.906
3.883
3.876
3.875
3.874
3.846
3.843
3.841
3.831
3.816
3.815
3.791
3.778
3.753
3.753
3.744
3.712
3.705
3.684
3.676
3.666
3.640
3.638
3.621
3.604
3.592
3.560
3.555
3.549
3.545
3.536
3.511
3.509
3.472
3.455
3.452
3.424
3.388
3.382
3.372
3.331
3.310
3.257
3.256
3.253
3.247
3.231
3.226
3.212
3.203
3.200
3.179
3.177
3.170
3.151
3.110
3.095
3.094
3.067
3.049
3.039
3.037
3.008
2.975
2.972
2.966
2.905
2.889
2.885
2.857
2.842
2.834
2.773
2.763
2.751
2.721
2.709
2.706
2.696
2.695
2.631
2.610
2.608
2.594
2.580
2.568
2.535
2.532
2.514
2.499
2.480
2.473
2.426
2.423
2.414
2.408
2.396
2.389
2.348
2.341
2.280
2.252
2.248
2.211
2.207
2.189
2.178
2.176
2.159
2.127
2.097
2.093
2.072
2.068
2.026
2.011
1.965
1.954
1.917
1.846
1.840
1.830
1.828
1.825
1.817
1.802
1.766
1.757
1.720
1.700
1.683
1.676
1.675
1.608
1.604
1.602
1.598
1.585
1.553
1.498
1.484
1.449
1.449
El beneficio obtenido por el hijo 1 es: 2361.133

Hijo 2:
1.415
1.385
1.362
1.348
1.326
1.322
1.289
1.216
1.213
1.187
1.177
1.171
1.159
1.143
1.106
1.093
1.084
1.081
1.069
1.011
1.000
0.956
0.944
0.892
0.888
0.879
0.874
0.849
0.813
0.743
0.743
0.731
0.703
0.699
0.675
0.670
0.666
0.651
0.645
0.630
0.622
0.608
0.556
0.523
0.495
0.481
0.455
0.445
0.440
0.430
0.427
0.419
0.289
0.281
0.267
0.266
0.254
0.244
0.240
0.222
0.218
0.205
0.169
0.166
0.162
0.132
0.129
0.105
0.096
0.073
0.051
0.047
0.030
0.008
El beneficio obtenido por el hijo 2 es: 49.368

