El rango aleatorio es: 2926

Hijo 1(mayor beneficio):
9.988
9.986
9.985
9.976
9.974
9.964
9.962
9.961
9.960
9.958
9.956
9.955
9.953
9.948
9.946
9.945
9.943
9.943
9.943
9.939
9.939
9.934
9.931
9.930
9.928
9.927
9.915
9.911
9.910
9.910
9.910
9.906
9.903
9.902
9.900
9.898
9.896
9.895
9.893
9.886
9.880
9.878
9.878
9.875
9.875
9.875
9.875
9.874
9.874
9.872
9.870
9.868
9.867
9.867
9.864
9.855
9.847
9.842
9.840
9.840
9.840
9.836
9.834
9.830
9.822
9.820
9.820
9.819
9.817
9.807
9.807
9.807
9.805
9.800
9.798
9.793
9.785
9.782
9.779
9.778
9.776
9.772
9.771
9.769
9.760
9.757
9.755
9.753
9.748
9.744
9.744
9.736
9.735
9.730
9.729
9.726
9.726
9.722
9.705
9.704
9.703
9.702
9.702
9.700
9.699
9.698
9.697
9.692
9.690
9.690
9.687
9.685
9.681
9.675
9.669
9.669
9.666
9.665
9.663
9.662
9.660
9.660
9.659
9.659
9.656
9.654
9.651
9.648
9.648
9.645
9.642
9.642
9.641
9.636
9.635
9.632
9.626
9.625
9.623
9.620
9.619
9.616
9.612
9.610
9.609
9.600
9.596
9.595
9.587
9.575
9.574
9.574
9.567
9.566
9.566
9.563
9.563
9.562
9.561
9.560
9.557
9.550
9.549
9.547
9.547
9.546
9.540
9.536
9.536
9.535
9.535
9.532
9.519
9.518
9.517
9.515
9.510
9.510
9.509
9.505
9.503
9.503
9.500
9.499
9.493
9.492
9.492
9.485
9.481
9.479
9.476
9.471
9.470
9.461
9.460
9.460
9.457
9.457
9.456
9.456
9.452
9.451
9.451
9.445
9.441
9.431
9.430
9.428
9.427
9.424
9.424
9.424
9.423
9.412
9.411
9.405
9.404
9.401
9.401
9.400
9.399
9.399
9.397
9.396
9.394
9.392
9.392
9.391
9.390
9.390
9.387
9.384
9.383
9.381
9.373
9.372
9.372
9.368
9.366
9.365
9.365
9.364
9.359
9.349
9.349
9.348
9.343
9.343
9.333
9.333
9.324
9.323
9.319
9.319
9.315
9.315
9.313
9.312
9.312
9.312
9.310
9.307
9.302
9.301
9.294
9.293
9.291
9.285
9.284
9.284
9.280
9.278
9.276
9.272
9.272
9.267
9.262
9.261
9.259
9.257
9.256
9.253
9.251
9.246
9.245
9.244
9.244
9.242
9.242
9.239
9.236
9.236
9.235
9.234
9.233
9.230
9.229
9.218
9.215
9.212
9.211
9.206
9.205
9.202
9.201
9.186
9.186
9.183
9.181
9.175
9.169
9.167
9.166
9.155
9.154
9.152
9.150
9.148
9.145
9.145
9.143
9.138
9.136
9.132
9.131
9.130
9.129
9.126
9.126
9.119
9.116
9.115
9.113
9.113
9.111
9.105
9.104
9.103
9.101
9.099
9.095
9.090
9.089
9.089
9.088
9.079
9.077
9.072
9.069
9.069
9.064
9.063
9.063
9.062
9.061
9.060
9.060
9.051
9.045
9.041
9.041
9.041
9.040
9.039
9.037
9.034
9.033
9.033
9.027
9.026
9.022
9.020
9.017
9.013
9.010
9.009
8.990
8.979
8.979
8.974
8.973
8.972
8.972
8.971
8.967
8.964
8.958
8.951
8.947
8.945
8.944
8.941
8.941
8.939
8.938
8.930
8.927
8.926
8.922
8.917
8.916
8.915
8.914
8.914
8.906
8.904
8.903
8.900
8.898
8.888
8.888
8.887
8.886
8.882
8.876
8.876
8.874
8.871
8.870
8.869
8.867
8.864
8.864
8.857
8.854
8.853
8.851
8.850
8.847
8.840
8.838
8.837
8.829
8.828
8.823
8.820
8.820
8.820
8.810
8.809
8.808
8.807
8.807
8.802
8.800
8.792
8.788
8.788
8.787
8.787
8.785
8.778
8.776
8.772
8.770
8.767
8.767
8.758
8.757
8.757
8.755
8.753
8.752
8.748
8.744
8.743
8.739
8.731
8.722
8.721
8.717
8.712
8.709
8.708
8.705
8.704
8.703
8.700
8.694
8.687
8.686
8.679
8.678
8.677
8.675
8.675
8.673
8.661
8.660
8.649
8.648
8.644
8.644
8.640
8.639
8.637
8.633
8.631
8.628
8.619
8.618
8.614
8.614
8.609
8.608
8.607
8.607
8.603
8.602
8.601
8.601
8.597
8.590
8.587
8.587
8.585
8.585
8.585
8.582
8.580
8.577
8.574
8.573
8.564
8.563
8.561
8.560
8.559
8.558
8.555
8.554
8.551
8.546
8.545
8.544
8.538
8.534
8.529
8.528
8.528
8.527
8.519
8.517
8.514
8.512
8.507
8.497
8.496
8.495
8.493
8.492
8.491
8.488
8.484
8.484
8.483
8.481
8.479
8.471
8.468
8.468
8.458
8.452
8.449
8.449
8.449
8.447
8.441
8.439
8.437
8.433
8.432
8.429
8.427
8.424
8.424
8.423
8.414
8.412
8.404
8.404
8.403
8.398
8.393
8.388
8.387
8.387
8.380
8.372
8.371
8.370
8.368
8.367
8.361
8.357
8.353
8.348
8.348
8.347
8.345
8.345
8.341
8.340
8.337
8.334
8.329
8.324
8.319
8.318
8.316
8.308
8.307
8.303
8.301
8.297
8.292
8.288
8.287
8.280
8.279
8.278
8.275
8.272
8.269
8.268
8.268
8.266
8.263
8.255
8.254
8.252
8.245
8.240
8.238
8.237
8.229
8.228
8.225
8.223
8.223
8.215
8.207
8.203
8.202
8.200
8.197
8.192
8.190
8.188
8.187
8.187
8.186
8.185
8.184
8.184
8.181
8.180
8.180
8.178
8.177
8.176
8.172
8.168
8.168
8.167
8.165
8.162
8.156
8.150
8.147
8.147
8.146
8.142
8.140
8.138
8.137
8.137
8.137
8.137
8.135
8.131
8.130
8.129
8.129
8.126
8.125
8.124
8.124
8.116
8.114
8.113
8.113
8.111
8.111
8.110
8.109
8.107
8.106
8.103
8.100
8.099
8.098
8.097
8.095
8.093
8.088
8.087
8.079
8.073
8.071
8.068
8.063
8.060
8.060
8.055
8.052
8.052
8.048
8.043
8.040
8.039
8.036
8.035
8.019
8.017
8.016
8.013
8.012
8.012
8.006
8.006
8.005
8.004
7.992
7.991
7.991
7.987
7.985
7.984
7.984
7.983
7.982
7.976
7.966
7.963
7.962
7.958
7.956
7.956
7.955
7.954
7.948
7.947
7.939
7.937
7.934
7.934
7.929
7.927
7.919
7.917
7.913
7.912
7.904
7.903
7.903
7.901
7.900
7.889
7.888
7.886
7.886
7.885
7.881
7.880
7.879
7.879
7.878
7.873
7.871
7.865
7.865
7.864
7.864
7.863
7.863
7.862
7.858
7.854
7.854
7.850
7.848
7.846
7.846
7.840
7.839
7.838
7.837
7.833
7.831
7.828
7.824
7.817
7.816
7.814
7.813
7.811
7.811
7.808
7.806
7.806
7.803
7.799
7.795
7.791
7.790
7.783
7.782
7.779
7.777
7.762
7.761
7.760
7.760
7.759
7.757
7.756
7.756
7.756
7.754
7.753
7.753
7.749
7.747
7.745
7.743
7.740
7.737
7.737
7.736
7.734
7.731
7.726
7.725
7.725
7.718
7.715
7.712
7.711
7.711
7.706
7.706
7.704
7.704
7.701
7.699
7.699
7.696
7.694
7.684
7.679
7.678
7.673
7.672
7.671
7.671
7.668
7.666
7.661
7.657
7.655
7.653
7.645
7.644
7.643
7.642
7.635
7.632
7.632
7.626
7.625
7.623
7.620
7.617
7.616
7.616
7.615
7.611
7.607
7.607
7.607
7.603
7.600
7.593
7.591
7.590
7.584
7.581
7.575
7.572
7.571
7.567
7.562
7.562
7.558
7.553
7.548
7.547
7.545
7.543
7.542
7.541
7.541
7.540
7.534
7.532
7.525
7.525
7.524
7.521
7.516
7.514
7.513
7.509
7.503
7.498
7.494
7.494
7.492
7.491
7.491
7.490
7.489
7.485
7.479
7.477
7.476
7.469
7.464
7.457
7.455
7.454
7.452
7.452
7.451
7.447
7.439
7.436
7.431
7.430
7.429
7.428
7.424
7.420
7.417
7.414
7.412
7.412
7.412
7.411
7.411
7.410
7.410
7.408
7.403
7.401
7.395
7.395
7.394
7.393
7.378
7.377
7.375
7.374
7.373
7.370
7.367
7.362
7.362
7.359
7.359
7.359
7.357
7.354
7.353
7.352
7.351
7.350
7.349
7.338
7.337
7.336
7.331
7.329
7.327
7.325
7.324
7.323
7.317
7.317
7.315
7.311
7.305
7.302
7.299
7.299
7.298
7.287
7.286
7.286
7.286
7.285
7.282
7.278
7.277
7.273
7.272
7.272
7.272
7.271
7.260
7.260
7.257
7.257
7.253
7.248
7.247
7.241
7.237
7.233
7.232
7.230
7.229
7.220
7.220
7.219
7.219
7.214
7.212
7.210
7.210
7.201
7.200
7.199
7.198
7.194
7.194
7.191
7.191
7.190
7.189
7.184
7.182
7.179
7.176
7.175
7.174
7.173
7.170
7.169
7.161
7.158
7.157
7.157
7.155
7.154
7.154
7.154
7.153
7.151
7.150
7.147
7.146
7.145
7.143
7.138
7.137
7.134
7.134
7.133
7.132
7.130
7.129
7.124
7.120
7.119
7.118
7.117
7.109
7.107
7.106
7.105
7.102
7.100
7.100
7.098
7.097
7.095
7.095
7.092
7.088
7.088
7.081
7.080
7.078
7.077
7.077
7.074
7.074
7.074
7.074
7.073
7.073
7.071
7.066
7.066
7.066
7.063
7.063
7.060
7.060
7.059
7.059
7.048
7.038
7.038
7.038
7.037
7.033
7.028
7.024
7.023
7.023
7.021
7.018
7.017
7.016
7.009
7.007
7.007
6.998
6.993
6.991
6.980
6.980
6.976
6.976
6.972
6.969
6.967
6.961
6.959
6.955
6.955
6.954
6.951
6.948
6.948
6.946
6.941
6.937
6.933
6.932
6.932
6.931
6.926
6.925
6.921
6.915
6.910
6.909
6.907
6.906
6.901
6.901
6.901
6.899
6.898
6.896
6.894
6.889
6.888
6.887
6.884
6.878
6.875
6.874
6.864
6.861
6.857
6.857
6.856
6.856
6.854
6.850
6.848
6.832
6.826
6.824
6.823
6.821
6.817
6.815
6.803
6.794
6.794
6.789
6.788
6.783
6.780
6.779
6.770
6.769
6.763
6.761
6.761
6.759
6.752
6.749
6.747
6.738
6.733
6.733
6.728
6.727
6.714
6.713
6.713
6.713
6.712
6.710
6.708
6.705
6.703
6.699
6.698
6.697
6.697
6.694
6.693
6.692
6.691
6.687
6.687
6.684
6.680
6.679
6.670
6.660
6.658
6.657
6.657
6.655
6.654
6.652
6.649
6.646
6.643
6.642
6.639
6.634
6.633
6.629
6.626
6.626
6.620
6.615
6.611
6.611
6.609
6.607
6.600
6.599
6.596
6.591
6.587
6.581
6.578
6.577
6.575
6.574
6.572
6.570
6.564
6.563
6.561
6.560
6.557
6.557
6.555
6.553
6.552
6.552
6.546
6.543
6.539
6.536
6.532
6.530
6.524
6.522
6.522
6.518
6.514
6.511
6.504
6.501
6.498
6.496
6.494
6.493
6.491
6.487
6.487
6.485
6.485
6.484
6.484
6.475
6.462
6.460
6.459
6.456
6.454
6.447
6.445
6.444
6.441
6.436
6.435
6.435
6.434
6.432
6.432
6.429
6.421
6.420
6.420
6.416
6.404
6.403
6.402
6.401
6.399
6.397
6.397
6.394
6.387
6.387
6.383
6.382
6.379
6.377
6.373
6.372
6.372
6.370
6.369
6.366
6.365
6.362
6.362
6.360
6.354
6.350
6.347
6.345
6.344
6.343
6.340
6.323
6.313
6.310
6.307
6.305
6.304
6.298
6.297
6.293
6.293
6.286
6.282
6.282
6.280
6.279
6.278
6.272
6.269
6.263
6.262
6.259
6.258
6.258
6.257
6.254
6.252
6.252
6.250
6.246
6.241
6.239
6.228
6.228
6.225
6.222
6.221
6.221
6.221
6.220
6.219
6.219
6.218
6.217
6.215
6.211
6.207
6.207
6.206
6.206
6.206
6.203
6.203
6.199
6.196
6.195
6.190
6.189
6.188
6.187
6.186
6.181
6.179
6.178
6.178
6.176
6.172
6.172
6.168
6.165
6.165
6.164
6.161
6.156
6.154
6.152
6.150
6.149
6.148
6.145
6.144
6.138
6.136
6.132
6.132
6.132
6.132
6.127
6.126
6.125
6.124
6.124
6.121
6.115
6.110
6.107
6.107
6.096
6.096
6.088
6.088
6.085
6.080
6.080
6.079
6.079
6.078
6.071
6.066
6.064
6.063
6.062
6.060
6.054
6.053
6.052
6.045
6.044
6.039
6.039
6.033
6.032
6.030
6.030
6.027
6.026
6.020
6.017
6.016
6.016
6.013
6.013
6.013
6.005
6.001
5.996
5.995
5.991
5.990
5.981
5.975
5.973
5.970
5.970
5.966
5.963
5.959
5.953
5.951
5.948
5.946
5.945
5.944
5.942
5.933
5.930
5.930
5.928
5.922
5.921
5.920
5.919
5.913
5.912
5.908
5.906
5.904
5.902
5.902
5.897
5.890
5.887
5.881
5.875
5.874
5.872
5.871
5.864
5.864
5.863
5.862
5.862
5.860
5.857
5.857
5.851
5.843
5.841
5.838
5.835
5.833
5.832
5.831
5.830
5.827
5.804
5.799
5.797
5.796
5.795
5.795
5.794
5.793
5.791
5.785
5.784
5.783
5.782
5.775
5.767
5.765
5.761
5.760
5.760
5.760
5.757
5.757
5.757
5.755
5.754
5.753
5.753
5.752
5.750
5.749
5.748
5.747
5.740
5.737
5.731
5.730
5.726
5.725
5.725
5.724
5.722
5.722
5.719
5.716
5.714
5.710
5.708
5.704
5.703
5.702
5.700
5.697
5.695
5.695
5.694
5.691
5.690
5.689
5.689
5.684
5.683
5.681
5.681
5.677
5.677
5.676
5.674
5.672
5.671
5.670
5.669
5.665
5.665
5.661
5.660
5.658
5.656
5.656
5.654
5.647
5.645
5.645
5.643
5.642
5.636
5.636
5.633
5.632
5.626
5.625
5.620
5.620
5.619
5.616
5.615
5.611
5.607
5.606
5.606
5.603
5.598
5.590
5.589
5.582
5.582
5.582
5.581
5.576
5.574
5.570
5.569
5.568
5.560
5.560
5.557
5.555
5.553
5.553
5.552
5.546
5.545
5.545
5.539
5.536
5.536
5.536
5.536
5.535
5.535
5.534
5.534
5.534
5.531
5.530
5.527
5.526
5.523
5.522
5.520
5.513
5.511
5.509
5.508
5.508
5.504
5.503
5.499
5.498
5.498
5.497
5.497
5.495
5.477
5.474
5.474
5.474
5.473
5.471
5.471
5.470
5.466
5.466
5.466
5.462
5.453
5.450
5.444
5.441
5.441
5.440
5.440
5.437
5.437
5.433
5.432
5.428
5.425
5.425
5.424
5.422
5.419
5.418
5.410
5.410
5.398
5.397
5.397
5.391
5.389
5.378
5.377
5.377
5.375
5.372
5.371
5.370
5.368
5.366
5.365
5.359
5.354
5.352
5.351
5.351
5.348
5.348
5.345
5.343
5.342
5.340
5.339
5.334
5.329
5.324
5.319
5.316
5.314
5.304
5.303
5.295
5.292
5.291
5.290
5.285
5.285
5.284
5.281
5.281
5.274
5.270
5.265
5.265
5.263
5.262
5.260
5.251
5.248
5.247
5.243
5.234
5.231
5.231
5.226
5.224
5.220
5.208
5.204
5.202
5.201
5.201
5.194
5.192
5.186
5.182
5.179
5.178
5.177
5.175
5.175
5.174
5.170
5.168
5.162
5.161
5.159
5.158
5.157
5.153
5.149
5.141
5.141
5.137
5.133
5.132
5.132
5.132
5.130
5.129
5.128
5.127
5.125
5.124
5.121
5.119
5.109
5.103
5.099
5.093
5.091
5.079
5.075
5.073
5.070
5.070
5.065
5.064
5.063
5.062
5.062
5.062
5.058
5.058
5.057
5.052
5.045
5.042
5.041
5.041
5.036
5.035
5.033
5.031
5.027
5.025
5.020
5.020
5.017
5.009
5.007
5.002
5.001
4.999
4.998
4.998
4.987
4.986
4.985
4.984
4.976
4.968
4.967
4.965
4.964
4.961
4.960
4.957
4.955
4.955
4.951
4.950
4.947
4.945
4.945
4.942
4.942
4.940
4.940
4.939
4.928
4.921
4.919
4.919
4.917
4.916
4.915
4.915
4.912
4.910
4.901
4.891
4.888
4.888
4.886
4.879
4.877
4.875
4.874
4.867
4.862
4.859
4.856
4.855
4.853
4.850
4.849
4.848
4.844
4.840
4.839
4.836
4.834
4.832
4.831
4.830
4.830
4.829
4.829
4.827
4.826
4.826
4.818
4.817
4.817
4.811
4.811
4.811
4.809
4.808
4.807
4.806
4.805
4.805
4.803
4.802
4.799
4.799
4.794
4.793
4.791
4.786
4.783
4.781
4.777
4.773
4.769
4.769
4.766
4.757
4.756
4.755
4.755
4.751
4.747
4.747
4.745
4.745
4.737
4.737
4.736
4.733
4.733
4.732
4.728
4.724
4.723
4.723
4.723
4.719
4.719
4.719
4.719
4.718
4.709
4.708
4.707
4.703
4.702
4.702
4.699
4.699
4.698
4.688
4.687
4.686
4.685
4.681
4.677
4.674
4.672
4.672
4.669
4.666
4.666
4.665
4.662
4.652
4.652
4.652
4.651
4.648
4.647
4.643
4.640
4.637
4.637
4.626
4.625
4.622
4.622
4.616
4.614
4.614
4.613
4.605
4.604
4.604
4.602
4.599
4.598
4.595
4.592
4.589
4.589
4.584
4.580
4.579
4.579
4.576
4.570
4.568
4.568
4.567
4.559
4.548
4.547
4.547
4.547
4.541
4.537
4.537
4.535
4.533
4.526
4.525
4.522
4.520
4.515
4.513
4.511
4.510
4.508
4.508
4.506
4.506
4.505
4.501
4.495
4.492
4.490
4.487
4.486
4.479
4.468
4.460
4.457
4.452
4.449
4.448
4.447
4.447
4.442
4.441
4.438
4.438
4.438
4.437
4.436
4.436
4.435
4.435
4.434
4.433
4.427
4.426
4.419
4.417
4.413
4.412
4.404
4.403
4.401
4.394
4.378
4.376
4.370
4.370
4.370
4.367
4.366
4.366
4.365
4.365
4.365
4.358
4.357
4.355
4.352
4.349
4.349
4.346
4.343
4.339
4.337
4.337
4.336
4.333
4.332
4.324
4.320
4.319
4.302
4.299
4.293
4.292
4.288
4.288
4.288
4.281
4.280
4.280
4.278
4.274
4.270
4.269
4.268
4.263
4.261
4.260
4.255
4.255
4.253
4.248
4.246
4.244
4.244
4.243
4.241
4.239
4.238
4.237
4.237
4.235
4.235
4.233
4.233
4.230
4.228
4.225
4.215
4.212
4.204
4.199
4.198
4.197
4.190
4.190
4.187
4.179
4.179
4.177
4.174
4.172
4.167
4.161
4.154
4.153
4.149
4.149
4.148
4.146
4.142
4.140
4.137
4.135
4.129
4.129
4.127
4.127
4.126
4.126
4.124
4.124
4.124
4.122
4.121
4.117
4.113
4.113
4.113
4.109
4.101
4.101
4.097
4.093
4.091
4.087
4.081
4.079
4.076
4.076
4.073
4.071
4.069
4.064
4.058
4.055
4.053
4.052
4.047
4.043
4.043
4.042
4.042
4.033
4.030
4.026
4.023
4.023
4.022
4.021
4.015
4.011
4.011
4.007
4.007
4.006
3.998
3.998
3.996
3.995
3.992
3.990
3.987
3.987
3.987
3.986
3.984
3.983
3.983
3.983
3.975
3.974
3.974
3.968
3.964
3.962
3.960
3.957
3.952
3.952
3.952
3.948
3.948
3.942
3.938
3.936
3.935
3.935
3.930
3.929
3.925
3.921
3.915
3.912
3.911
3.906
3.906
3.901
3.900
3.900
3.898
3.894
3.888
3.883
3.880
3.879
3.878
3.876
3.875
3.874
3.874
3.868
3.868
3.864
3.864
3.863
3.861
3.855
3.854
3.846
3.844
3.843
3.842
3.841
3.841
3.837
3.837
3.836
3.831
3.831
3.827
3.826
3.819
3.816
3.815
3.811
3.809
3.809
3.807
3.803
3.802
3.800
3.797
3.797
3.793
3.792
3.791
3.790
3.788
3.784
3.782
3.778
3.776
3.770
3.761
3.759
3.757
3.757
3.754
3.753
3.753
3.750
3.747
3.744
3.740
3.737
3.727
3.726
3.715
3.712
3.712
3.710
3.709
3.708
3.706
3.705
3.702
3.701
3.700
3.697
3.690
3.687
3.684
3.683
3.682
3.681
3.676
3.676
3.675
3.668
3.666
3.660
3.654
3.652
3.647
3.641
3.640
3.638
3.638
3.637
3.635
3.630
3.629
3.621
3.616
3.614
3.612
3.610
3.610
3.606
3.605
3.604
3.602
3.600
3.598
3.597
3.592
3.589
3.588
3.581
3.578
3.577
3.571
3.570
3.567
3.562
3.560
3.558
3.555
3.554
3.550
3.549
3.547
3.546
3.546
3.545
3.542
3.541
3.538
3.536
3.533
3.532
3.532
3.526
3.526
3.519
3.517
3.516
3.513
3.511
3.509
3.498
3.492
3.491
3.489
3.488
3.486
3.472
3.466
3.463
3.463
3.462
3.462
3.461
3.455
3.455
3.452
3.451
3.449
3.448
3.447
3.445
3.439
3.438
3.438
3.436
3.434
3.431
3.429
3.425
3.425
3.425
3.424
3.424
3.422
3.422
3.422
3.420
3.418
3.415
3.414
3.413
3.407
3.407
3.404
3.401
3.397
3.388
3.388
3.383
3.382
3.381
3.372
3.364
3.364
3.364
3.363
3.360
3.359
3.356
3.355
3.349
3.346
3.346
3.344
3.344
3.342
3.341
3.336
3.335
3.334
3.331
3.329
3.328
3.325
3.322
3.318
3.316
3.314
3.314
3.312
3.310
3.309
3.296
3.294
3.290
3.286
3.285
3.274
3.274
3.268
3.264
3.260
3.258
3.257
3.256
3.255
3.253
3.249
3.247
3.247
3.243
3.243
3.236
3.231
3.227
3.226
3.223
3.221
3.217
3.212
3.211
3.211
3.210
3.209
3.209
3.204
3.203
3.203
3.201
3.200
3.195
3.191
3.189
3.182
3.181
3.179
3.179
3.178
3.177
3.177
3.172
3.170
3.169
3.166
3.166
3.165
3.160
3.159
3.158
3.154
3.151
3.151
3.148
3.148
3.147
3.146
3.145
3.142
3.138
3.136
3.135
3.123
3.122
3.120
3.115
3.110
3.109
3.109
3.099
3.095
3.094
3.087
3.086
3.084
3.084
3.082
3.081
3.080
3.075
3.071
3.069
3.067
3.065
3.062
3.055
3.054
3.053
3.050
3.049
3.049
3.041
3.040
3.039
3.037
3.036
3.035
3.034
3.031
3.028
3.018
3.011
3.010
3.008
3.002
3.001
2.999
2.993
2.992
2.990
2.988
2.988
2.986
2.982
2.975
2.972
2.970
2.969
2.969
2.967
2.966
2.965
2.965
2.964
2.963
2.962
2.961
2.959
2.950
2.950
2.949
2.943
2.942
2.937
2.930
2.928
2.925
2.923
2.922
2.922
2.921
2.919
2.914
2.913
2.905
2.905
2.905
2.904
2.904
2.902
2.889
2.886
2.885
2.882
2.875
2.873
2.872
2.870
2.868
2.857
2.846
2.843
2.842
2.842
2.841
2.841
2.837
2.834
2.834
2.832
2.830
2.826
2.824
2.824
2.823
2.819
2.815
2.802
2.800
2.798
2.795
2.792
2.791
2.788
2.785
2.785
2.782
2.780
2.777
2.773
2.769
2.768
2.768
2.763
2.752
2.751
2.748
2.746
2.745
2.744
2.743
2.738
2.737
2.731
2.726
2.724
2.722
2.721
2.719
2.709
2.706
2.700
2.699
2.696
2.696
2.695
2.695
2.693
2.690
2.688
2.683
2.681
2.681
2.680
2.676
2.675
2.671
2.668
2.665
2.665
2.664
2.663
2.663
2.662
2.660
2.659
2.659
2.653
2.649
2.647
2.646
2.641
2.639
2.638
2.636
2.632
2.631
2.631
2.623
2.622
2.621
2.620
2.618
2.618
2.615
2.612
2.610
2.608
2.608
2.594
2.590
2.584
2.581
2.580
2.580
2.575
2.570
2.568
2.567
2.564
2.562
2.556
2.556
2.549
2.547
2.536
2.535
2.533
2.532
2.531
2.527
2.521
2.517
2.514
2.514
2.509
2.509
2.499
2.492
2.491
2.490
2.489
2.485
2.485
2.480
2.479
2.473
2.467
2.464
2.464
2.463
2.461
2.458
2.455
2.451
2.450
2.449
2.448
2.447
2.445
2.439
2.439
2.431
2.426
2.425
2.425
2.423
2.422
2.422
2.420
2.419
2.419
2.415
2.414
2.411
2.410
2.408
2.408
2.405
2.404
2.402
2.402
2.400
2.399
2.397
2.396
2.395
2.394
2.389
2.385
2.379
2.377
2.376
2.375
2.369
2.368
2.364
2.358
2.357
2.357
2.355
2.353
2.350
2.348
2.346
2.344
2.343
2.343
2.341
2.340
2.336
2.335
2.333
2.332
2.332
2.332
2.328
2.326
2.324
2.318
2.318
2.311
El beneficio obtenido por el hijo 1 es: 17906.817

Hijo 2:
2.310
2.309
2.304
2.302
2.301
2.296
2.285
2.284
2.280
2.277
2.275
2.269
2.268
2.268
2.259
2.258
2.254
2.252
2.248
2.248
2.245
2.245
2.243
2.242
2.242
2.241
2.238
2.236
2.231
2.225
2.217
2.211
2.211
2.209
2.207
2.200
2.194
2.192
2.190
2.190
2.189
2.189
2.186
2.184
2.183
2.178
2.176
2.168
2.168
2.166
2.163
2.161
2.160
2.159
2.159
2.156
2.152
2.150
2.147
2.143
2.142
2.141
2.139
2.136
2.133
2.130
2.127
2.124
2.122
2.107
2.106
2.106
2.105
2.097
2.094
2.093
2.093
2.092
2.089
2.086
2.085
2.084
2.081
2.079
2.075
2.072
2.072
2.068
2.066
2.064
2.063
2.059
2.058
2.055
2.051
2.050
2.047
2.042
2.042
2.042
2.038
2.036
2.033
2.028
2.027
2.026
2.024
2.014
2.011
2.003
2.002
2.002
2.000
1.995
1.991
1.988
1.986
1.983
1.975
1.974
1.974
1.973
1.966
1.965
1.960
1.958
1.956
1.954
1.948
1.948
1.947
1.937
1.934
1.931
1.928
1.927
1.922
1.921
1.920
1.918
1.917
1.916
1.907
1.906
1.898
1.893
1.891
1.887
1.885
1.884
1.879
1.865
1.865
1.864
1.858
1.857
1.850
1.850
1.850
1.846
1.846
1.845
1.840
1.838
1.835
1.831
1.830
1.828
1.828
1.825
1.823
1.822
1.818
1.817
1.817
1.814
1.811
1.802
1.800
1.800
1.798
1.798
1.793
1.793
1.788
1.782
1.781
1.781
1.777
1.766
1.764
1.762
1.760
1.759
1.757
1.747
1.745
1.745
1.744
1.742
1.738
1.736
1.720
1.712
1.706
1.703
1.700
1.700
1.697
1.688
1.687
1.686
1.683
1.679
1.676
1.675
1.672
1.672
1.670
1.669
1.664
1.662
1.653
1.652
1.650
1.647
1.641
1.634
1.628
1.619
1.619
1.613
1.608
1.608
1.606
1.604
1.603
1.602
1.599
1.598
1.597
1.597
1.585
1.585
1.585
1.583
1.576
1.563
1.562
1.560
1.553
1.549
1.547
1.547
1.546
1.541
1.538
1.532
1.531
1.525
1.518
1.518
1.517
1.516
1.513
1.512
1.511
1.510
1.509
1.508
1.499
1.498
1.497
1.497
1.493
1.493
1.493
1.490
1.487
1.487
1.485
1.484
1.481
1.477
1.476
1.473
1.473
1.466
1.465
1.464
1.463
1.462
1.462
1.452
1.451
1.450
1.449
1.449
1.436
1.432
1.426
1.426
1.423
1.420
1.419
1.418
1.417
1.415
1.412
1.401
1.396
1.394
1.390
1.390
1.388
1.386
1.385
1.382
1.379
1.376
1.371
1.370
1.366
1.362
1.362
1.358
1.355
1.349
1.348
1.345
1.336
1.334
1.328
1.326
1.325
1.325
1.323
1.322
1.319
1.309
1.301
1.298
1.298
1.295
1.295
1.292
1.289
1.285
1.284
1.283
1.280
1.279
1.279
1.278
1.277
1.276
1.274
1.273
1.268
1.266
1.265
1.264
1.251
1.247
1.245
1.245
1.243
1.243
1.243
1.237
1.235
1.230
1.228
1.227
1.225
1.216
1.215
1.213
1.213
1.212
1.206
1.194
1.192
1.189
1.187
1.185
1.180
1.177
1.176
1.173
1.171
1.171
1.171
1.168
1.166
1.160
1.159
1.159
1.152
1.149
1.148
1.143
1.141
1.140
1.140
1.136
1.136
1.133
1.128
1.128
1.126
1.125
1.121
1.120
1.118
1.113
1.113
1.106
1.106
1.104
1.103
1.103
1.101
1.101
1.101
1.098
1.098
1.097
1.097
1.093
1.091
1.087
1.084
1.083
1.081
1.079
1.077
1.074
1.074
1.070
1.069
1.069
1.069
1.066
1.059
1.052
1.052
1.051
1.051
1.048
1.048
1.048
1.047
1.046
1.044
1.044
1.043
1.042
1.041
1.041
1.036
1.036
1.034
1.034
1.030
1.030
1.026
1.023
1.022
1.022
1.019
1.019
1.011
1.011
1.010
1.010
1.005
1.005
1.005
1.000
0.999
0.998
0.989
0.988
0.985
0.985
0.982
0.981
0.980
0.978
0.976
0.975
0.970
0.970
0.967
0.964
0.963
0.960
0.956
0.955
0.954
0.948
0.948
0.944
0.942
0.933
0.932
0.931
0.924
0.922
0.918
0.918
0.917
0.913
0.909
0.905
0.902
0.900
0.896
0.892
0.891
0.888
0.881
0.879
0.876
0.874
0.873
0.872
0.868
0.867
0.866
0.866
0.864
0.864
0.864
0.863
0.861
0.859
0.859
0.858
0.857
0.854
0.851
0.849
0.849
0.842
0.841
0.841
0.840
0.838
0.837
0.837
0.819
0.815
0.813
0.799
0.798
0.797
0.796
0.795
0.795
0.795
0.792
0.788
0.787
0.787
0.778
0.777
0.772
0.769
0.760
0.755
0.755
0.748
0.748
0.747
0.743
0.743
0.742
0.742
0.738
0.738
0.736
0.736
0.735
0.733
0.731
0.731
0.730
0.728
0.722
0.719
0.719
0.711
0.708
0.705
0.704
0.703
0.703
0.699
0.698
0.696
0.696
0.691
0.689
0.688
0.687
0.686
0.678
0.675
0.670
0.668
0.667
0.666
0.666
0.659
0.655
0.654
0.654
0.651
0.648
0.645
0.632
0.630
0.628
0.626
0.626
0.622
0.620
0.618
0.611
0.610
0.608
0.603
0.602
0.600
0.594
0.592
0.590
0.587
0.586
0.582
0.578
0.577
0.574
0.572
0.558
0.557
0.557
0.556
0.553
0.551
0.550
0.546
0.543
0.530
0.528
0.526
0.525
0.524
0.524
0.523
0.523
0.523
0.523
0.521
0.517
0.516
0.513
0.510
0.509
0.507
0.503
0.503
0.498
0.496
0.495
0.493
0.485
0.481
0.479
0.478
0.477
0.475
0.475
0.473
0.471
0.470
0.468
0.465
0.465
0.463
0.463
0.456
0.455
0.445
0.444
0.444
0.442
0.441
0.440
0.433
0.433
0.431
0.430
0.427
0.419
0.415
0.411
0.407
0.395
0.392
0.391
0.382
0.380
0.377
0.376
0.376
0.376
0.367
0.363
0.359
0.357
0.353
0.343
0.341
0.337
0.334
0.332
0.332
0.332
0.326
0.325
0.315
0.312
0.305
0.305
0.304
0.301
0.300
0.299
0.299
0.289
0.285
0.284
0.281
0.279
0.275
0.271
0.271
0.270
0.267
0.266
0.266
0.264
0.260
0.256
0.254
0.250
0.250
0.250
0.249
0.248
0.248
0.244
0.243
0.240
0.240
0.240
0.238
0.237
0.236
0.232
0.227
0.225
0.223
0.222
0.221
0.221
0.218
0.212
0.211
0.210
0.209
0.208
0.205
0.204
0.203
0.203
0.200
0.200
0.199
0.193
0.191
0.191
0.191
0.189
0.187
0.185
0.175
0.174
0.174
0.174
0.173
0.171
0.170
0.169
0.166
0.165
0.163
0.162
0.160
0.156
0.155
0.152
0.150
0.148
0.144
0.143
0.143
0.133
0.132
0.132
0.129
0.128
0.127
0.124
0.120
0.109
0.105
0.104
0.101
0.096
0.095
0.095
0.092
0.089
0.089
0.089
0.088
0.087
0.081
0.081
0.080
0.074
0.073
0.068
0.068
0.068
0.063
0.062
0.055
0.052
0.051
0.047
0.047
0.047
0.043
0.041
0.037
0.030
0.030
0.028
0.028
0.027
0.026
0.025
0.021
0.015
0.014
0.011
0.010
0.008
0.004
El beneficio obtenido por el hijo 2 es: 970.203

