El rango aleatorio es: 1934

Hijo 1(mayor beneficio):
9.998
9.988
9.976
9.973
9.969
9.966
9.966
9.965
9.965
9.952
9.952
9.950
9.933
9.930
9.929
9.920
9.919
9.912
9.909
9.908
9.886
9.881
9.880
9.879
9.879
9.863
9.862
9.859
9.855
9.853
9.849
9.834
9.827
9.824
9.824
9.821
9.819
9.811
9.804
9.804
9.800
9.799
9.791
9.790
9.786
9.778
9.750
9.746
9.740
9.726
9.724
9.722
9.718
9.712
9.707
9.705
9.703
9.698
9.696
9.688
9.675
9.671
9.654
9.652
9.647
9.645
9.644
9.641
9.633
9.632
9.629
9.626
9.618
9.618
9.617
9.612
9.611
9.607
9.606
9.601
9.596
9.591
9.588
9.587
9.581
9.573
9.565
9.563
9.563
9.563
9.561
9.558
9.557
9.556
9.555
9.552
9.540
9.533
9.524
9.515
9.503
9.487
9.486
9.482
9.479
9.479
9.473
9.467
9.460
9.449
9.445
9.438
9.429
9.423
9.414
9.413
9.412
9.409
9.409
9.404
9.389
9.384
9.384
9.373
9.371
9.356
9.348
9.348
9.341
9.339
9.310
9.285
9.280
9.263
9.258
9.256
9.254
9.251
9.241
9.237
9.237
9.232
9.231
9.224
9.223
9.219
9.218
9.218
9.218
9.217
9.215
9.207
9.198
9.196
9.158
9.142
9.141
9.136
9.124
9.122
9.120
9.116
9.109
9.107
9.103
9.091
9.091
9.076
9.075
9.072
9.068
9.060
9.059
9.042
9.036
9.024
9.023
9.010
9.002
9.001
8.997
8.989
8.980
8.977
8.976
8.976
8.972
8.966
8.956
8.954
8.952
8.946
8.940
8.937
8.926
8.922
8.921
8.919
8.915
8.896
8.887
8.886
8.878
8.877
8.874
8.870
8.867
8.858
8.854
8.853
8.852
8.844
8.844
8.835
8.820
8.809
8.802
8.795
8.793
8.793
8.790
8.786
8.784
8.779
8.777
8.771
8.766
8.744
8.743
8.735
8.731
8.720
8.709
8.708
8.707
8.700
8.696
8.693
8.689
8.676
8.675
8.663
8.658
8.655
8.650
8.649
8.648
8.646
8.634
8.628
8.626
8.622
8.613
8.609
8.603
8.598
8.586
8.583
8.577
8.572
8.569
8.564
8.558
8.558
8.556
8.554
8.549
8.539
8.538
8.537
8.527
8.526
8.523
8.511
8.509
8.506
8.503
8.501
8.498
8.498
8.497
8.494
8.487
8.476
8.475
8.472
8.471
8.467
8.465
8.458
8.452
8.451
8.443
8.442
8.440
8.439
8.436
8.428
8.426
8.425
8.420
8.410
8.409
8.409
8.398
8.398
8.398
8.368
8.364
8.358
8.354
8.351
8.335
8.334
8.328
8.327
8.321
8.312
8.312
8.307
8.306
8.298
8.298
8.296
8.289
8.284
8.272
8.265
8.255
8.238
8.231
8.225
8.217
8.216
8.198
8.195
8.192
8.190
8.189
8.189
8.184
8.183
8.168
8.165
8.163
8.157
8.157
8.152
8.151
8.148
8.144
8.140
8.135
8.131
8.130
8.129
8.123
8.117
8.111
8.104
8.082
8.081
8.076
8.075
8.072
8.068
8.062
8.059
8.051
8.047
8.044
8.043
8.043
8.041
8.040
8.039
8.037
8.035
8.033
8.030
8.028
8.021
8.018
7.987
7.983
7.981
7.977
7.974
7.969
7.963
7.952
7.947
7.947
7.939
7.934
7.927
7.895
7.895
7.893
7.880
7.876
7.873
7.870
7.865
7.861
7.858
7.858
7.856
7.848
7.847
7.833
7.820
7.820
7.811
7.810
7.796
7.796
7.793
7.791
7.787
7.772
7.767
7.766
7.763
7.756
7.753
7.743
7.742
7.741
7.740
7.734
7.731
7.731
7.720
7.719
7.718
7.716
7.715
7.712
7.709
7.707
7.697
7.696
7.693
7.692
7.683
7.682
7.676
7.670
7.662
7.662
7.658
7.656
7.655
7.654
7.640
7.636
7.635
7.633
7.629
7.629
7.622
7.611
7.610
7.609
7.603
7.586
7.586
7.586
7.585
7.581
7.571
7.567
7.555
7.551
7.542
7.537
7.532
7.531
7.531
7.524
7.517
7.502
7.495
7.490
7.485
7.484
7.482
7.482
7.481
7.472
7.471
7.452
7.451
7.449
7.445
7.444
7.444
7.443
7.438
7.437
7.433
7.421
7.417
7.400
7.400
7.398
7.393
7.392
7.370
7.369
7.361
7.360
7.359
7.359
7.357
7.355
7.348
7.332
7.332
7.312
7.308
7.307
7.295
7.292
7.292
7.289
7.289
7.286
7.284
7.284
7.281
7.279
7.278
7.276
7.274
7.274
7.271
7.269
7.265
7.264
7.242
7.237
7.232
7.227
7.226
7.215
7.209
7.209
7.208
7.206
7.198
7.195
7.194
7.192
7.190
7.180
7.170
7.170
7.169
7.167
7.164
7.164
7.148
7.131
7.130
7.122
7.110
7.109
7.107
7.105
7.101
7.098
7.098
7.093
7.092
7.088
7.084
7.075
7.067
7.066
7.062
7.058
7.057
7.054
7.051
7.042
7.042
7.032
7.021
7.010
7.004
6.993
6.987
6.979
6.977
6.973
6.973
6.972
6.949
6.946
6.945
6.937
6.936
6.934
6.918
6.899
6.897
6.891
6.889
6.884
6.883
6.864
6.859
6.855
6.854
6.849
6.848
6.846
6.843
6.843
6.842
6.841
6.840
6.838
6.836
6.832
6.829
6.829
6.827
6.823
6.822
6.804
6.803
6.802
6.798
6.795
6.787
6.781
6.780
6.774
6.772
6.771
6.771
6.769
6.768
6.768
6.766
6.766
6.765
6.761
6.761
6.755
6.755
6.753
6.744
6.741
6.733
6.727
6.720
6.718
6.716
6.715
6.715
6.708
6.706
6.700
6.695
6.693
6.685
6.680
6.679
6.678
6.678
6.675
6.658
6.645
6.644
6.643
6.641
6.637
6.632
6.630
6.628
6.624
6.622
6.609
6.607
6.601
6.599
6.598
6.590
6.578
6.572
6.570
6.565
6.561
6.559
6.555
6.553
6.551
6.544
6.536
6.532
6.524
6.524
6.523
6.523
6.513
6.510
6.506
6.504
6.503
6.503
6.498
6.484
6.479
6.474
6.471
6.462
6.461
6.449
6.437
6.434
6.430
6.428
6.411
6.406
6.406
6.405
6.388
6.387
6.386
6.380
6.378
6.375
6.362
6.344
6.343
6.336
6.332
6.327
6.322
6.317
6.314
6.312
6.305
6.304
6.296
6.292
6.292
6.287
6.284
6.278
6.262
6.261
6.256
6.256
6.256
6.247
6.241
6.229
6.227
6.219
6.216
6.212
6.208
6.193
6.192
6.191
6.186
6.183
6.170
6.163
6.160
6.159
6.141
6.139
6.136
6.123
6.123
6.116
6.108
6.106
6.103
6.101
6.086
6.085
6.081
6.075
6.071
6.066
6.066
6.064
6.064
6.060
6.057
6.057
6.050
6.050
6.046
6.042
6.040
6.026
6.020
6.015
5.998
5.997
5.994
5.991
5.984
5.980
5.979
5.979
5.975
5.973
5.972
5.960
5.950
5.948
5.948
5.937
5.936
5.927
5.920
5.919
5.908
5.905
5.905
5.901
5.900
5.898
5.894
5.889
5.874
5.873
5.868
5.865
5.850
5.842
5.842
5.841
5.834
5.826
5.821
5.814
5.811
5.801
5.800
5.798
5.787
5.784
5.781
5.778
5.778
5.768
5.768
5.767
5.765
5.762
5.750
5.749
5.746
5.745
5.743
5.734
5.729
5.728
5.723
5.721
5.721
5.705
5.699
5.694
5.679
5.677
5.669
5.669
5.653
5.650
5.641
5.640
5.640
5.636
5.634
5.634
5.629
5.623
5.616
5.615
5.612
5.607
5.601
5.586
5.583
5.578
5.566
5.557
5.555
5.526
5.513
5.513
5.513
5.511
5.509
5.507
5.494
5.492
5.482
5.476
5.474
5.469
5.469
5.465
5.461
5.461
5.461
5.457
5.449
5.448
5.426
5.424
5.421
5.408
5.407
5.406
5.405
5.402
5.401
5.394
5.391
5.357
5.352
5.349
5.338
5.337
5.326
5.320
5.315
5.315
5.313
5.307
5.304
5.298
5.296
5.287
5.281
5.275
5.270
5.270
5.267
5.266
5.257
5.245
5.245
5.236
5.216
5.213
5.203
5.191
5.188
5.177
5.173
5.172
5.170
5.168
5.167
5.158
5.157
5.153
5.152
5.148
5.148
5.141
5.131
5.125
5.123
5.117
5.114
5.114
5.110
5.106
5.103
5.100
5.097
5.090
5.089
5.089
5.088
5.086
5.083
5.080
5.062
5.059
5.057
5.044
5.043
5.038
5.036
5.028
5.025
5.018
5.009
4.995
4.991
4.971
4.966
4.964
4.956
4.956
4.955
4.954
4.951
4.951
4.950
4.950
4.948
4.947
4.941
4.941
4.928
4.928
4.923
4.920
4.916
4.908
4.908
4.902
4.901
4.895
4.881
4.879
4.864
4.857
4.855
4.846
4.841
4.839
4.839
4.829
4.828
4.824
4.821
4.817
4.809
4.809
4.800
4.800
4.796
4.789
4.788
4.784
4.783
4.782
4.776
4.775
4.768
4.765
4.754
4.752
4.747
4.743
4.729
4.713
4.710
4.704
4.701
4.678
4.677
4.672
4.667
4.657
4.645
4.640
4.628
4.624
4.622
4.617
4.616
4.612
4.611
4.610
4.591
4.582
4.575
4.575
4.574
4.572
4.571
4.570
4.565
4.554
4.554
4.552
4.552
4.550
4.543
4.531
4.530
4.522
4.520
4.517
4.512
4.508
4.507
4.496
4.490
4.488
4.483
4.464
4.461
4.459
4.455
4.455
4.454
4.450
4.436
4.432
4.415
4.414
4.403
4.402
4.401
4.396
4.393
4.387
4.386
4.385
4.383
4.382
4.379
4.373
4.371
4.366
4.363
4.353
4.353
4.349
4.341
4.341
4.341
4.336
4.332
4.323
4.323
4.319
4.304
4.301
4.300
4.297
4.294
4.281
4.281
4.250
4.233
4.227
4.224
4.224
4.218
4.215
4.214
4.212
4.207
4.201
4.193
4.192
4.166
4.151
4.148
4.144
4.143
4.138
4.133
4.131
4.125
4.120
4.113
4.107
4.101
4.101
4.092
4.090
4.090
4.087
4.082
4.065
4.053
4.050
4.042
4.029
4.028
4.028
4.025
4.020
4.019
4.018
4.018
4.015
4.010
4.005
3.998
3.993
3.992
3.989
3.989
3.985
3.969
3.966
3.958
3.958
3.957
3.948
3.946
3.934
3.933
3.931
3.917
3.910
3.893
3.890
3.886
3.874
3.872
3.867
3.863
3.856
3.855
3.854
3.853
3.846
3.844
3.842
3.819
3.818
3.814
3.813
3.806
3.803
3.789
3.788
3.782
3.774
3.774
3.766
3.753
3.752
3.740
3.732
3.730
3.729
3.718
3.716
3.713
3.713
3.710
3.707
3.704
3.704
3.700
3.697
3.689
3.686
3.686
3.686
3.680
3.660
3.651
3.632
3.626
3.626
3.618
3.616
3.610
3.605
3.598
3.595
3.590
3.588
3.588
3.576
3.569
3.568
3.568
3.564
3.563
3.559
3.548
3.543
3.533
3.531
3.527
3.527
3.526
3.518
3.516
3.513
3.510
3.506
3.505
3.492
3.489
3.486
3.484
3.469
3.469
3.467
3.467
3.465
3.462
3.456
3.456
3.453
3.448
3.438
3.437
3.429
3.428
3.424
3.422
3.420
3.419
3.416
3.416
3.415
3.403
3.389
3.387
3.379
3.376
3.375
3.373
3.373
3.366
3.366
3.361
3.358
3.321
3.310
3.299
3.298
3.294
3.290
3.286
3.282
3.280
3.280
3.278
3.270
3.261
3.259
3.258
3.258
3.254
3.236
3.234
3.230
3.223
3.219
3.211
3.211
3.204
3.192
3.177
3.165
3.159
3.157
3.153
3.148
3.140
3.108
3.105
3.100
3.091
3.086
3.085
3.082
3.068
3.067
3.063
3.054
3.051
3.049
3.045
3.045
3.038
3.037
3.028
3.026
3.024
3.013
3.004
3.000
3.000
2.999
2.993
2.987
2.986
2.985
2.984
2.979
2.977
2.972
2.971
2.967
2.957
2.954
2.953
2.952
2.952
2.951
2.945
2.941
2.940
2.938
2.932
2.931
2.930
2.917
2.911
2.910
2.910
2.909
2.909
2.906
2.901
2.898
2.897
2.895
2.890
2.886
2.885
2.884
2.882
2.877
2.872
2.872
2.868
2.865
2.859
2.859
2.857
2.856
2.855
2.852
2.845
2.838
2.837
2.837
2.836
2.834
2.827
2.823
2.804
2.803
2.801
2.795
2.792
2.789
2.788
2.777
2.777
2.776
2.771
2.767
2.767
2.748
2.741
2.732
2.713
2.710
2.708
2.703
2.700
2.691
2.689
2.682
2.670
2.665
2.659
2.655
2.646
2.645
2.636
2.631
2.619
2.616
2.607
2.606
2.604
2.592
2.586
2.585
2.561
2.556
2.548
2.529
2.527
2.521
2.521
2.516
2.485
2.478
2.474
2.467
2.466
2.461
2.452
2.451
2.438
2.433
2.433
2.432
2.429
2.426
2.424
2.423
2.414
2.411
2.393
2.384
2.380
2.379
2.375
2.371
2.366
2.364
2.363
2.360
2.360
2.360
2.358
2.358
2.355
2.352
2.351
2.348
2.341
2.339
2.334
2.326
2.323
2.318
2.316
2.305
2.303
2.297
2.295
2.293
2.293
2.291
2.282
2.282
2.276
2.273
2.270
2.267
2.264
2.245
2.244
2.239
2.234
2.233
2.226
2.217
2.216
2.214
2.213
2.212
2.211
2.209
2.207
2.207
2.204
2.192
2.190
2.179
2.178
2.171
2.169
2.164
2.162
2.158
2.153
2.135
2.130
2.127
2.117
2.117
2.113
2.110
2.107
2.100
2.095
2.094
2.090
2.090
2.088
2.088
2.088
2.088
2.076
2.075
2.073
2.070
2.069
2.069
2.067
2.063
2.057
2.050
2.041
2.039
2.033
2.032
2.031
2.025
2.024
2.018
2.017
2.014
2.008
2.003
2.001
1.989
1.982
1.980
1.976
1.972
1.949
1.942
1.940
1.937
1.933
1.933
1.932
1.923
1.905
1.905
1.902
1.902
1.901
1.889
1.888
1.886
1.883
1.878
1.872
1.870
1.869
1.864
1.857
1.853
1.850
1.850
1.846
1.844
1.843
1.841
1.837
1.821
1.819
1.813
1.806
1.798
1.788
1.775
1.765
1.753
1.747
1.744
1.739
1.736
1.727
1.725
1.720
1.717
1.715
1.715
1.713
1.713
1.706
1.706
1.700
1.693
1.690
1.678
1.677
1.673
1.671
1.665
1.663
1.657
1.651
1.648
1.642
1.642
1.641
1.613
1.609
1.603
1.602
1.598
1.596
1.591
1.591
1.590
1.584
1.582
1.577
1.565
1.548
1.536
1.535
1.529
1.526
1.500
1.498
1.494
1.483
1.480
1.479
1.474
1.471
1.457
1.453
1.452
1.452
1.443
1.431
1.431
1.425
1.424
1.417
1.408
1.407
1.394
1.389
1.382
1.379
1.368
1.361
1.360
1.357
1.354
1.345
1.335
1.332
1.325
1.320
1.314
1.312
1.302
1.300
1.299
1.290
1.284
1.281
1.281
1.272
1.268
1.259
1.251
1.248
1.234
1.233
1.218
1.211
1.196
1.192
1.188
1.179
1.176
1.175
1.163
1.151
1.139
1.131
1.123
1.117
1.110
1.096
1.089
1.088
1.088
1.087
1.086
1.085
1.082
1.077
1.075
1.071
1.068
1.066
1.065
1.063
1.059
1.057
1.045
1.042
1.024
1.018
1.014
1.004
0.993
0.988
0.978
0.977
0.967
0.963
0.959
0.942
0.936
0.934
0.934
0.929
0.921
0.921
0.920
0.916
0.912
0.908
0.901
0.892
0.891
0.890
0.879
0.875
0.875
0.868
0.865
0.861
0.861
0.861
0.848
0.844
0.839
0.836
0.835
0.835
0.831
0.820
0.819
0.818
0.815
0.805
0.804
0.797
0.796
0.786
0.780
0.776
0.775
0.769
0.768
0.764
0.754
0.754
0.750
0.748
0.746
0.746
0.739
0.732
0.722
0.718
0.711
0.703
0.701
0.694
0.691
0.685
0.681
0.677
0.675
0.668
0.660
0.651
0.650
0.648
0.644
0.643
0.639
0.625
0.613
0.613
0.599
0.597
0.593
0.581
0.568
0.564
0.562
0.554
0.550
0.548
0.546
0.535
0.532
0.530
0.526
0.521
0.519
0.519
0.513
0.510
0.510
0.502
0.501
0.501
0.501
0.495
0.490
0.489
0.485
0.473
0.470
0.466
0.463
0.459
0.454
0.436
0.429
0.426
0.419
0.400
0.391
0.391
0.390
0.378
0.375
0.373
0.360
0.360
0.352
El beneficio obtenido por el hijo 1 es: 9987.467

Hijo 2:
0.351
0.348
0.347
0.339
0.332
0.330
0.329
0.327
0.324
0.323
0.312
0.312
0.309
0.303
0.295
0.292
0.285
0.273
0.268
0.267
0.267
0.257
0.250
0.248
0.236
0.236
0.232
0.223
0.215
0.215
0.215
0.214
0.208
0.208
0.208
0.206
0.201
0.201
0.183
0.180
0.179
0.177
0.171
0.149
0.144
0.142
0.140
0.138
0.127
0.122
0.113
0.108
0.106
0.101
0.098
0.096
0.096
0.083
0.078
0.076
0.046
0.043
0.038
0.038
0.036
0.031
El beneficio obtenido por el hijo 2 es: 13.348

