El rango aleatorio es: 126

Hijo 1(mayor beneficio):
9.985
9.943
9.847
9.785
9.744
9.722
9.632
9.596
9.401
9.400
9.359
9.242
9.233
9.155
9.104
9.013
8.916
8.840
8.838
8.828
8.758
8.731
8.721
8.679
8.631
8.587
8.519
8.427
8.370
8.316
8.272
8.176
8.168
8.107
8.095
8.079
7.880
7.865
7.864
7.858
7.756
7.753
7.711
7.699
7.672
7.635
7.494
7.352
7.273
7.241
7.212
7.176
7.175
7.133
7.129
7.007
6.910
6.850
6.823
6.794
6.728
6.692
6.642
6.629
6.581
6.441
6.435
6.382
6.369
6.366
6.259
6.250
6.203
6.150
6.064
5.922
5.897
5.881
5.755
5.703
5.695
5.671
5.645
5.615
5.509
5.474
5.422
5.398
5.342
5.291
5.247
5.243
5.073
5.058
5.020
4.951
4.849
4.817
4.769
4.732
4.652
4.637
4.579
4.548
4.378
4.366
4.288
4.288
4.288
4.255
4.248
4.246
4.244
4.129
4.127
3.952
3.883
3.876
3.875
3.846
3.841
3.831
3.815
3.791
3.753
3.744
El beneficio obtenido por el hijo 1 es: 837.128

Hijo 2:
3.705
3.676
3.640
3.560
3.549
3.545
3.536
3.509
3.382
3.372
3.256
3.226
3.203
3.179
3.177
3.151
3.094
3.037
3.008
2.972
2.966
2.885
2.834
2.763
2.751
2.696
2.608
2.594
2.514
2.499
2.426
2.423
2.396
2.389
2.341
2.207
2.189
2.176
2.026
2.011
1.965
1.917
1.830
1.825
1.817
1.766
1.757
1.683
1.602
1.585
1.498
1.449
1.385
1.362
1.326
1.216
1.213
1.171
1.143
1.084
1.011
0.944
0.888
0.879
0.743
0.699
0.645
0.430
0.240
0.169
0.132
0.105
0.047
0.030
El beneficio obtenido por el hijo 2 es: 154.026

