El rango aleatorio es: 934

Hijo 1(mayor beneficio):
9.988
9.976
9.969
9.966
9.952
9.933
9.930
9.929
9.919
9.909
9.908
9.886
9.881
9.880
9.879
9.863
9.862
9.859
9.853
9.849
9.834
9.827
9.824
9.824
9.821
9.819
9.804
9.799
9.791
9.790
9.746
9.718
9.712
9.707
9.698
9.696
9.675
9.652
9.647
9.632
9.626
9.618
9.617
9.611
9.607
9.606
9.601
9.596
9.588
9.587
9.581
9.565
9.563
9.563
9.558
9.557
9.540
9.515
9.482
9.479
9.479
9.449
9.445
9.438
9.423
9.414
9.413
9.412
9.404
9.389
9.384
9.373
9.371
9.341
9.280
9.263
9.256
9.237
9.231
9.224
9.218
9.218
9.218
9.217
9.207
9.198
9.196
9.158
9.142
9.136
9.120
9.107
9.091
9.091
9.075
9.068
9.042
9.024
9.023
9.010
9.002
8.980
8.954
8.952
8.940
8.937
8.926
8.915
8.896
8.874
8.854
8.852
8.835
8.809
8.795
8.793
8.784
8.779
8.777
8.766
8.744
8.720
8.707
8.696
8.689
8.676
8.675
8.655
8.650
8.649
8.648
8.646
8.628
8.626
8.622
8.613
8.598
8.586
8.577
8.572
8.569
8.564
8.558
8.556
8.549
8.539
8.538
8.537
8.527
8.526
8.511
8.509
8.506
8.503
8.497
8.476
8.475
8.472
8.451
8.443
8.439
8.436
8.428
8.426
8.409
8.398
8.398
8.368
8.358
8.354
8.321
8.312
8.306
8.298
8.296
8.289
8.272
8.255
8.231
8.198
8.190
8.183
8.168
8.163
8.157
8.157
8.152
8.148
8.140
8.130
8.129
8.082
8.076
8.068
8.062
8.059
8.051
8.044
8.043
8.043
8.041
8.037
8.035
8.030
8.018
7.981
7.977
7.974
7.969
7.952
7.939
7.895
7.880
7.876
7.873
7.870
7.858
7.858
7.848
7.847
7.820
7.820
7.796
7.791
7.787
7.772
7.766
7.753
7.743
7.740
7.734
7.731
7.715
7.707
7.693
7.692
7.683
7.682
7.662
7.656
7.655
7.640
7.633
7.629
7.603
7.585
7.581
7.567
7.537
7.531
7.524
7.490
7.485
7.482
7.481
7.472
7.471
7.449
7.444
7.443
7.438
7.417
7.398
7.392
7.370
7.361
7.359
7.348
7.332
7.332
7.312
7.295
7.292
7.289
7.286
7.279
7.278
7.274
7.274
7.271
7.269
7.232
7.209
7.206
7.198
7.194
7.190
7.180
7.148
7.130
7.107
7.098
7.093
7.088
7.075
7.066
7.057
7.051
7.042
7.032
6.993
6.979
6.973
6.949
6.945
6.918
6.899
6.897
6.891
6.889
6.883
6.864
6.859
6.855
6.849
6.843
6.840
6.838
6.836
6.829
6.827
6.822
6.804
6.798
6.787
6.780
6.774
6.772
6.769
6.768
6.761
6.744
6.741
6.733
6.727
6.718
6.715
6.715
6.706
6.695
6.693
6.685
6.680
6.679
6.675
6.658
6.644
6.632
6.630
6.628
6.624
6.622
6.609
6.607
6.590
6.578
6.572
6.570
6.561
6.559
6.555
6.551
6.536
6.523
6.506
6.504
6.503
6.484
6.479
6.471
6.437
6.434
6.430
6.428
6.411
6.388
6.380
6.378
6.375
6.362
6.344
6.343
6.322
6.317
6.314
6.312
6.304
6.296
6.292
6.284
6.278
6.262
6.256
6.229
6.219
6.192
6.191
6.170
6.139
6.123
6.123
6.116
6.108
6.086
6.085
6.071
6.050
6.050
6.042
6.040
6.020
5.998
5.984
5.979
5.975
5.972
5.948
5.937
5.936
5.927
5.920
5.905
5.898
5.894
5.889
5.874
5.821
5.811
5.800
5.798
5.781
5.768
5.767
5.765
5.762
5.745
5.743
5.729
5.679
5.653
5.640
5.640
5.636
5.634
5.634
5.623
5.616
5.586
5.566
5.557
5.526
5.513
5.513
5.509
5.507
5.482
5.476
5.469
5.469
5.465
5.461
5.457
5.449
5.408
5.405
5.394
5.391
5.338
5.320
5.313
5.307
5.304
5.298
5.287
5.281
5.275
5.270
5.266
5.257
5.245
5.245
5.236
5.213
5.203
5.173
5.167
5.158
5.153
5.152
5.148
5.141
5.131
5.114
5.110
5.106
5.100
5.089
5.088
5.083
5.062
5.059
5.057
5.044
5.043
5.038
5.036
5.025
5.009
4.995
4.991
4.971
4.966
4.964
4.955
4.954
4.951
4.950
4.947
4.941
4.941
4.928
4.920
4.916
4.908
4.879
4.855
4.839
4.839
4.828
4.824
4.821
4.817
4.809
4.789
4.775
4.765
4.754
4.747
4.729
4.701
4.678
4.677
4.667
4.657
4.610
4.591
4.582
4.575
4.572
4.571
4.565
4.552
4.552
4.550
4.522
4.512
4.508
4.507
4.490
4.488
4.483
4.455
4.450
4.436
4.432
4.414
4.401
4.396
4.393
4.386
4.385
4.382
4.373
4.366
4.353
4.341
4.341
4.332
4.297
4.281
4.281
4.224
4.218
4.215
4.207
4.201
4.193
4.144
4.143
4.138
4.131
4.120
4.113
4.107
4.101
4.092
4.090
4.087
4.065
4.053
4.050
4.029
4.025
4.020
4.018
3.998
3.989
3.969
3.966
3.958
3.931
3.917
3.910
3.890
3.874
3.854
3.842
3.813
3.789
3.782
3.718
3.716
3.713
3.713
3.710
3.704
3.704
3.689
3.686
3.686
3.626
3.618
3.616
3.610
3.605
3.598
3.595
3.588
3.588
3.576
3.559
3.548
3.533
3.531
3.527
3.526
3.516
3.510
3.506
3.489
3.484
3.467
3.465
3.456
3.437
3.429
3.428
3.422
3.420
3.415
3.387
3.373
3.366
3.358
3.321
3.310
3.298
3.294
3.286
3.282
3.278
3.270
3.259
3.254
3.236
3.230
3.192
3.177
3.165
3.159
3.157
3.153
3.108
3.100
3.086
3.067
3.063
3.054
3.049
3.045
3.038
3.028
3.026
3.000
2.999
2.993
2.986
2.984
2.977
2.971
2.967
2.954
2.953
2.952
2.951
2.945
2.938
2.932
2.911
2.910
2.909
2.897
2.890
2.884
2.882
2.872
2.865
2.859
2.859
2.856
2.855
2.852
2.845
2.837
2.837
2.836
2.834
2.823
2.788
2.777
2.776
2.748
2.732
2.713
2.708
2.700
2.659
2.655
2.645
2.636
2.631
2.619
2.616
2.604
2.592
2.561
2.548
2.527
2.521
2.521
2.474
2.466
2.461
2.451
2.438
2.432
2.429
2.423
2.364
2.363
2.360
2.360
2.358
2.355
2.348
2.339
2.323
2.316
2.305
2.303
2.297
2.291
2.282
2.282
2.276
2.273
2.270
2.245
2.234
2.233
2.217
2.213
2.212
2.211
2.207
2.192
2.178
2.171
2.169
2.164
2.153
2.135
2.127
2.117
2.117
2.113
2.107
2.088
2.088
2.075
2.073
2.050
2.039
2.033
2.031
2.025
2.024
1.989
1.982
1.972
1.942
1.933
1.932
1.905
1.901
1.889
1.888
1.886
1.878
1.872
1.870
1.869
1.853
1.850
1.846
1.843
1.841
1.821
1.819
1.798
1.744
1.739
1.736
1.720
1.713
1.706
1.706
1.700
1.693
1.677
1.671
1.665
1.663
1.651
1.642
1.641
1.613
1.609
1.598
1.591
1.591
1.577
1.548
1.536
1.535
1.494
1.479
1.474
1.471
1.457
1.452
1.452
1.424
1.417
1.408
1.394
1.389
1.379
1.368
1.361
1.360
1.357
1.354
1.335
1.300
1.284
1.281
1.281
1.272
1.268
1.234
1.233
1.218
1.211
1.196
1.192
1.163
1.131
1.117
1.110
1.096
1.089
1.088
1.088
1.087
1.086
1.085
1.075
1.068
1.065
1.045
1.018
0.988
0.977
0.963
0.959
0.942
0.936
0.934
0.929
0.921
0.912
0.892
0.891
0.890
0.875
0.844
0.819
0.818
0.815
0.797
0.796
0.780
0.769
0.768
0.754
0.754
0.748
0.746
0.722
0.711
0.703
0.701
0.694
El beneficio obtenido por el hijo 1 es: 5018.092

Hijo 2:
0.685
0.677
0.668
0.660
0.651
0.644
0.643
0.639
0.625
0.613
0.597
0.593
0.581
0.568
0.564
0.562
0.550
0.546
0.532
0.526
0.521
0.519
0.519
0.502
0.501
0.495
0.485
0.463
0.454
0.436
0.426
0.419
0.400
0.391
0.373
0.348
0.347
0.330
0.327
0.324
0.312
0.309
0.295
0.285
0.267
0.250
0.232
0.223
0.215
0.215
0.214
0.208
0.201
0.180
0.179
0.177
0.142
0.127
0.113
0.106
0.101
0.083
0.076
0.046
0.038
0.031
El beneficio obtenido por el hijo 2 es: 25.328

