El rango aleatorio es: 174

Hijo 1(mayor beneficio):
9.985
9.943
9.847
9.840
9.785
9.744
9.722
9.700
9.632
9.596
9.560
9.519
9.500
9.452
9.401
9.400
9.359
9.312
9.242
9.236
9.233
9.218
9.167
9.166
9.155
9.104
9.013
8.951
8.916
8.840
8.838
8.828
8.758
8.753
8.731
8.721
8.687
8.679
8.631
8.603
8.587
8.519
8.427
8.380
8.370
8.329
8.319
8.316
8.272
8.176
8.168
8.137
8.126
8.107
8.095
8.079
8.012
7.937
7.880
7.879
7.865
7.864
7.863
7.858
7.756
7.753
7.711
7.699
7.672
7.635
7.607
7.575
7.543
7.514
7.494
7.455
7.439
7.412
7.352
7.273
7.241
7.212
7.176
7.175
7.133
7.129
7.007
6.932
6.910
6.884
6.878
6.850
6.823
6.794
6.728
6.692
6.642
6.629
6.581
6.493
6.441
6.435
6.382
6.369
6.366
6.259
6.250
6.215
6.203
6.150
6.127
6.064
6.026
5.922
5.897
5.881
5.755
5.703
5.695
5.671
5.645
5.615
5.590
5.509
5.474
5.422
5.398
5.342
5.291
5.247
5.243
5.192
5.093
5.073
5.062
5.058
5.041
5.020
4.955
4.951
4.910
4.849
4.817
4.769
4.732
4.709
4.702
4.652
4.637
4.579
4.548
4.547
4.533
4.378
4.366
4.288
4.288
4.288
4.255
4.248
4.246
4.244
4.235
4.129
4.127
4.124
4.076
4.071
3.964
3.952
3.906
3.883
3.876
3.875
El beneficio obtenido por el hijo 1 es: 1198.964

Hijo 2:
3.874
3.846
3.841
3.831
3.815
3.791
3.778
3.753
3.753
3.744
3.705
3.676
3.640
3.592
3.560
3.555
3.549
3.545
3.536
3.509
3.472
3.424
3.388
3.382
3.372
3.331
3.257
3.256
3.247
3.226
3.203
3.200
3.179
3.177
3.151
3.094
3.049
3.037
3.008
2.975
2.972
2.966
2.889
2.885
2.834
2.763
2.751
2.721
2.706
2.696
2.608
2.594
2.580
2.535
2.514
2.499
2.426
2.423
2.408
2.396
2.389
2.341
2.280
2.207
2.189
2.178
2.176
2.072
2.068
2.026
2.011
1.965
1.917
1.830
1.825
1.817
1.766
1.757
1.683
1.675
1.602
1.585
1.498
1.449
1.449
1.385
1.362
1.326
1.322
1.289
1.216
1.213
1.187
1.177
1.171
1.143
1.106
1.084
1.081
1.011
0.944
0.892
0.888
0.879
0.743
0.743
0.699
0.675
0.670
0.645
0.622
0.608
0.495
0.430
0.427
0.281
0.254
0.244
0.240
0.218
0.169
0.162
0.132
0.105
0.047
0.030
El beneficio obtenido por el hijo 2 es: 269.554

