El rango aleatorio es: 74

Hijo 1(mayor beneficio):
9.943
9.744
9.722
9.632
9.596
9.401
9.155
9.013
8.828
8.758
8.731
8.721
8.679
8.631
8.272
8.168
8.079
7.865
7.864
7.699
7.672
7.352
7.241
7.212
7.133
7.129
6.910
6.823
6.794
6.728
6.642
6.629
6.581
6.441
6.369
6.366
6.259
6.203
6.150
6.064
5.897
5.703
5.671
5.645
5.422
5.243
5.073
5.020
4.951
4.817
4.769
4.732
4.652
4.637
4.579
4.378
4.288
4.288
4.255
4.248
3.952
3.883
3.876
3.841
3.831
3.744
3.705
3.549
3.509
3.382
3.256
3.203
3.177
3.151
El beneficio obtenido por el hijo 1 es: 459.524

Hijo 2:
3.037
2.966
2.885
2.834
2.763
2.696
2.499
2.396
2.341
2.207
2.026
1.917
1.825
1.766
1.683
1.602
1.585
1.326
1.216
1.213
1.171
1.084
1.011
0.944
0.430
0.132
El beneficio obtenido por el hijo 2 es: 47.555

