El rango aleatorio es: 7365

Hijo 1(mayor beneficio):
9.998
9.997
9.996
9.995
9.992
9.991
9.991
9.990
9.989
9.989
9.985
9.984
9.982
9.977
9.977
9.976
9.974
9.970
9.969
9.969
9.968
9.968
9.968
9.968
9.967
9.966
9.965
9.965
9.964
9.964
9.963
9.963
9.962
9.962
9.962
9.962
9.961
9.961
9.959
9.955
9.955
9.955
9.954
9.953
9.951
9.951
9.950
9.950
9.945
9.943
9.941
9.940
9.940
9.940
9.939
9.938
9.937
9.935
9.935
9.932
9.931
9.931
9.928
9.928
9.927
9.924
9.924
9.923
9.921
9.921
9.920
9.919
9.918
9.917
9.916
9.915
9.914
9.914
9.913
9.913
9.912
9.910
9.909
9.908
9.907
9.907
9.906
9.905
9.904
9.903
9.902
9.901
9.901
9.899
9.899
9.899
9.897
9.897
9.896
9.895
9.895
9.895
9.894
9.893
9.889
9.888
9.887
9.887
9.887
9.886
9.883
9.883
9.882
9.878
9.877
9.877
9.875
9.872
9.871
9.870
9.869
9.869
9.869
9.868
9.868
9.868
9.867
9.867
9.866
9.865
9.863
9.862
9.862
9.861
9.858
9.857
9.857
9.857
9.856
9.855
9.853
9.852
9.850
9.850
9.848
9.847
9.847
9.846
9.845
9.844
9.843
9.842
9.842
9.840
9.839
9.838
9.836
9.836
9.836
9.836
9.834
9.834
9.833
9.832
9.831
9.829
9.828
9.828
9.828
9.827
9.826
9.826
9.826
9.818
9.818
9.817
9.815
9.813
9.812
9.810
9.810
9.809
9.809
9.809
9.808
9.807
9.804
9.803
9.802
9.802
9.802
9.801
9.801
9.796
9.794
9.792
9.792
9.791
9.790
9.790
9.788
9.788
9.787
9.786
9.786
9.785
9.784
9.781
9.781
9.780
9.779
9.773
9.771
9.771
9.771
9.771
9.770
9.769
9.764
9.764
9.763
9.761
9.759
9.758
9.758
9.756
9.755
9.755
9.755
9.749
9.749
9.747
9.746
9.745
9.742
9.741
9.741
9.740
9.740
9.739
9.739
9.738
9.735
9.733
9.733
9.732
9.731
9.730
9.728
9.727
9.727
9.725
9.725
9.723
9.721
9.721
9.719
9.718
9.717
9.716
9.715
9.713
9.713
9.712
9.711
9.711
9.710
9.710
9.709
9.709
9.708
9.707
9.706
9.706
9.705
9.704
9.704
9.702
9.701
9.700
9.698
9.696
9.693
9.693
9.693
9.692
9.692
9.690
9.687
9.686
9.686
9.686
9.686
9.683
9.682
9.680
9.680
9.680
9.679
9.677
9.677
9.676
9.676
9.675
9.675
9.674
9.673
9.673
9.672
9.671
9.669
9.668
9.668
9.668
9.667
9.664
9.663
9.663
9.663
9.662
9.661
9.660
9.660
9.658
9.657
9.653
9.651
9.650
9.650
9.649
9.647
9.646
9.645
9.643
9.642
9.641
9.641
9.640
9.638
9.637
9.635
9.634
9.629
9.628
9.627
9.626
9.626
9.626
9.625
9.624
9.624
9.624
9.624
9.623
9.619
9.618
9.616
9.615
9.613
9.612
9.611
9.609
9.609
9.607
9.606
9.603
9.602
9.602
9.601
9.599
9.599
9.597
9.595
9.595
9.594
9.593
9.593
9.593
9.591
9.590
9.585
9.584
9.583
9.583
9.580
9.580
9.579
9.577
9.576
9.576
9.576
9.575
9.574
9.574
9.572
9.572
9.571
9.569
9.569
9.569
9.566
9.565
9.565
9.565
9.563
9.563
9.562
9.562
9.560
9.559
9.557
9.557
9.556
9.555
9.552
9.551
9.550
9.550
9.550
9.549
9.548
9.548
9.548
9.547
9.546
9.544
9.542
9.541
9.538
9.538
9.537
9.535
9.535
9.534
9.534
9.532
9.532
9.531
9.531
9.527
9.527
9.526
9.526
9.524
9.523
9.523
9.521
9.520
9.519
9.514
9.512
9.509
9.509
9.507
9.507
9.506
9.502
9.502
9.502
9.501
9.499
9.499
9.499
9.497
9.496
9.495
9.492
9.490
9.487
9.485
9.483
9.482
9.481
9.480
9.480
9.475
9.474
9.474
9.474
9.473
9.468
9.465
9.465
9.465
9.465
9.464
9.464
9.464
9.464
9.464
9.463
9.463
9.462
9.462
9.460
9.459
9.458
9.458
9.456
9.454
9.454
9.453
9.453
9.452
9.451
9.450
9.447
9.447
9.443
9.440
9.440
9.439
9.437
9.437
9.436
9.435
9.430
9.430
9.430
9.429
9.427
9.424
9.422
9.420
9.419
9.417
9.416
9.416
9.415
9.415
9.415
9.415
9.412
9.409
9.407
9.407
9.407
9.407
9.404
9.404
9.402
9.402
9.401
9.398
9.396
9.396
9.391
9.389
9.387
9.387
9.384
9.383
9.382
9.382
9.382
9.381
9.380
9.379
9.379
9.378
9.377
9.374
9.372
9.372
9.371
9.370
9.370
9.369
9.368
9.367
9.366
9.366
9.365
9.364
9.364
9.364
9.361
9.361
9.361
9.360
9.359
9.358
9.357
9.356
9.351
9.351
9.350
9.350
9.348
9.347
9.347
9.346
9.346
9.345
9.341
9.340
9.336
9.336
9.336
9.331
9.331
9.331
9.330
9.330
9.329
9.329
9.327
9.326
9.324
9.323
9.321
9.320
9.320
9.319
9.318
9.317
9.317
9.315
9.314
9.311
9.311
9.308
9.308
9.306
9.303
9.300
9.297
9.295
9.295
9.295
9.295
9.293
9.292
9.291
9.291
9.291
9.291
9.289
9.288
9.287
9.286
9.286
9.283
9.283
9.282
9.282
9.281
9.279
9.278
9.277
9.276
9.276
9.273
9.273
9.272
9.272
9.271
9.270
9.270
9.270
9.269
9.268
9.264
9.263
9.261
9.259
9.257
9.256
9.254
9.252
9.252
9.250
9.246
9.245
9.244
9.244
9.244
9.243
9.243
9.242
9.241
9.240
9.240
9.235
9.233
9.233
9.233
9.232
9.230
9.229
9.227
9.227
9.227
9.227
9.225
9.224
9.224
9.223
9.223
9.222
9.222
9.221
9.220
9.218
9.217
9.217
9.216
9.216
9.216
9.215
9.214
9.214
9.214
9.213
9.213
9.213
9.210
9.209
9.209
9.208
9.205
9.205
9.204
9.204
9.202
9.202
9.202
9.202
9.201
9.199
9.196
9.196
9.194
9.189
9.187
9.186
9.185
9.185
9.184
9.183
9.183
9.183
9.182
9.182
9.181
9.180
9.180
9.179
9.179
9.178
9.178
9.177
9.176
9.175
9.175
9.174
9.174
9.173
9.172
9.170
9.169
9.165
9.165
9.164
9.161
9.160
9.160
9.159
9.159
9.157
9.157
9.157
9.156
9.155
9.154
9.154
9.153
9.152
9.151
9.151
9.150
9.150
9.150
9.150
9.149
9.149
9.149
9.149
9.148
9.148
9.148
9.145
9.142
9.142
9.141
9.141
9.140
9.139
9.138
9.137
9.135
9.132
9.132
9.131
9.131
9.128
9.127
9.127
9.126
9.125
9.125
9.124
9.124
9.124
9.121
9.120
9.120
9.119
9.117
9.117
9.115
9.115
9.114
9.114
9.113
9.112
9.111
9.111
9.106
9.106
9.105
9.105
9.105
9.102
9.101
9.101
9.097
9.097
9.096
9.095
9.094
9.094
9.091
9.090
9.090
9.089
9.088
9.088
9.087
9.086
9.086
9.085
9.085
9.084
9.080
9.079
9.078
9.078
9.077
9.077
9.074
9.074
9.070
9.070
9.069
9.069
9.067
9.067
9.066
9.065
9.064
9.063
9.062
9.058
9.058
9.058
9.057
9.057
9.057
9.056
9.056
9.054
9.054
9.053
9.053
9.052
9.051
9.050
9.049
9.048
9.047
9.047
9.044
9.044
9.043
9.042
9.042
9.041
9.041
9.040
9.040
9.039
9.039
9.039
9.039
9.038
9.037
9.035
9.035
9.034
9.031
9.030
9.029
9.029
9.029
9.026
9.026
9.026
9.022
9.019
9.018
9.016
9.015
9.015
9.014
9.013
9.012
9.012
9.011
9.010
9.009
9.007
9.006
9.004
9.003
9.003
9.002
9.001
9.001
9.001
8.998
8.997
8.997
8.996
8.994
8.989
8.989
8.988
8.987
8.986
8.986
8.983
8.982
8.981
8.980
8.979
8.976
8.974
8.973
8.971
8.971
8.968
8.968
8.967
8.966
8.966
8.966
8.965
8.965
8.964
8.963
8.961
8.956
8.956
8.955
8.954
8.948
8.947
8.947
8.946
8.944
8.944
8.941
8.941
8.940
8.940
8.939
8.939
8.937
8.937
8.937
8.935
8.935
8.934
8.933
8.932
8.932
8.930
8.930
8.929
8.929
8.929
8.929
8.928
8.924
8.924
8.923
8.923
8.920
8.919
8.917
8.916
8.915
8.911
8.911
8.910
8.910
8.910
8.907
8.906
8.906
8.903
8.902
8.900
8.900
8.899
8.899
8.898
8.898
8.897
8.896
8.893
8.891
8.890
8.890
8.889
8.888
8.888
8.887
8.886
8.886
8.886
8.885
8.883
8.879
8.878
8.877
8.877
8.877
8.876
8.875
8.875
8.874
8.873
8.873
8.871
8.870
8.870
8.866
8.866
8.864
8.864
8.863
8.862
8.862
8.861
8.860
8.860
8.859
8.857
8.857
8.856
8.856
8.854
8.854
8.853
8.850
8.850
8.850
8.849
8.849
8.848
8.845
8.842
8.842
8.840
8.838
8.838
8.838
8.836
8.832
8.832
8.831
8.829
8.829
8.827
8.824
8.822
8.821
8.819
8.818
8.815
8.812
8.812
8.809
8.808
8.808
8.808
8.808
8.806
8.805
8.804
8.804
8.803
8.803
8.801
8.801
8.800
8.798
8.798
8.797
8.795
8.795
8.790
8.790
8.789
8.788
8.787
8.787
8.787
8.786
8.785
8.784
8.783
8.783
8.782
8.780
8.779
8.778
8.777
8.777
8.776
8.774
8.773
8.773
8.772
8.768
8.767
8.766
8.766
8.766
8.766
8.765
8.765
8.764
8.764
8.760
8.759
8.758
8.758
8.757
8.756
8.755
8.753
8.753
8.751
8.749
8.746
8.745
8.745
8.744
8.742
8.741
8.740
8.738
8.738
8.737
8.736
8.735
8.735
8.734
8.734
8.734
8.733
8.731
8.731
8.730
8.730
8.728
8.728
8.726
8.724
8.721
8.720
8.719
8.718
8.717
8.715
8.714
8.714
8.713
8.712
8.711
8.711
8.710
8.710
8.709
8.709
8.706
8.705
8.705
8.705
8.704
8.703
8.702
8.701
8.698
8.697
8.694
8.694
8.694
8.694
8.693
8.692
8.692
8.691
8.689
8.687
8.687
8.686
8.684
8.684
8.684
8.681
8.681
8.681
8.676
8.674
8.674
8.672
8.671
8.671
8.670
8.668
8.666
8.665
8.664
8.663
8.663
8.663
8.663
8.663
8.661
8.661
8.661
8.660
8.660
8.658
8.657
8.655
8.655
8.654
8.653
8.652
8.652
8.652
8.652
8.650
8.648
8.648
8.647
8.646
8.644
8.644
8.643
8.641
8.639
8.638
8.637
8.636
8.633
8.630
8.630
8.630
8.627
8.627
8.626
8.626
8.626
8.625
8.624
8.624
8.623
8.623
8.621
8.619
8.614
8.611
8.609
8.609
8.609
8.608
8.605
8.605
8.604
8.603
8.603
8.602
8.602
8.599
8.598
8.597
8.597
8.595
8.594
8.594
8.591
8.591
8.591
8.590
8.589
8.588
8.588
8.587
8.586
8.585
8.584
8.582
8.581
8.579
8.577
8.576
8.575
8.575
8.574
8.574
8.573
8.572
8.571
8.570
8.570
8.568
8.565
8.563
8.562
8.561
8.560
8.559
8.558
8.557
8.557
8.555
8.555
8.554
8.553
8.553
8.553
8.552
8.551
8.551
8.550
8.549
8.549
8.546
8.543
8.543
8.543
8.543
8.541
8.540
8.538
8.538
8.536
8.535
8.534
8.533
8.529
8.528
8.526
8.525
8.524
8.524
8.523
8.522
8.522
8.522
8.520
8.520
8.519
8.518
8.518
8.517
8.517
8.516
8.514
8.514
8.514
8.513
8.512
8.510
8.508
8.508
8.507
8.506
8.505
8.504
8.504
8.503
8.502
8.502
8.502
8.502
8.502
8.499
8.497
8.494
8.494
8.492
8.490
8.490
8.490
8.489
8.488
8.487
8.487
8.486
8.485
8.484
8.480
8.478
8.476
8.475
8.474
8.473
8.473
8.472
8.470
8.469
8.468
8.466
8.466
8.464
8.462
8.462
8.462
8.458
8.457
8.457
8.455
8.454
8.454
8.454
8.451
8.451
8.451
8.450
8.446
8.446
8.446
8.446
8.444
8.444
8.442
8.440
8.439
8.439
8.437
8.435
8.435
8.434
8.434
8.434
8.433
8.431
8.431
8.430
8.429
8.428
8.428
8.426
8.425
8.425
8.424
8.421
8.420
8.420
8.420
8.419
8.419
8.417
8.410
8.410
8.409
8.409
8.408
8.408
8.407
8.407
8.406
8.406
8.405
8.404
8.402
8.402
8.399
8.397
8.397
8.396
8.393
8.392
8.391
8.390
8.388
8.386
8.386
8.386
8.386
8.386
8.385
8.385
8.385
8.384
8.383
8.381
8.380
8.380
8.379
8.378
8.376
8.374
8.373
8.373
8.372
8.372
8.372
8.371
8.370
8.370
8.369
8.367
8.366
8.366
8.365
8.365
8.365
8.365
8.364
8.362
8.360
8.358
8.357
8.357
8.356
8.355
8.355
8.355
8.354
8.354
8.353
8.352
8.351
8.349
8.349
8.348
8.346
8.346
8.346
8.344
8.343
8.342
8.342
8.338
8.338
8.337
8.336
8.335
8.334
8.334
8.331
8.330
8.330
8.328
8.326
8.326
8.325
8.325
8.324
8.324
8.321
8.320
8.318
8.318
8.314
8.314
8.312
8.308
8.306
8.305
8.305
8.303
8.302
8.301
8.301
8.298
8.298
8.296
8.294
8.292
8.291
8.289
8.289
8.288
8.288
8.287
8.287
8.287
8.286
8.286
8.284
8.283
8.282
8.281
8.281
8.281
8.277
8.277
8.276
8.276
8.272
8.271
8.271
8.268
8.267
8.266
8.265
8.265
8.263
8.263
8.261
8.258
8.256
8.256
8.253
8.250
8.250
8.250
8.250
8.249
8.248
8.248
8.247
8.247
8.243
8.243
8.242
8.241
8.240
8.240
8.239
8.239
8.237
8.236
8.235
8.234
8.234
8.233
8.233
8.233
8.231
8.230
8.229
8.229
8.227
8.224
8.224
8.224
8.223
8.223
8.221
8.214
8.213
8.213
8.213
8.212
8.208
8.208
8.207
8.205
8.203
8.201
8.200
8.200
8.199
8.196
8.195
8.193
8.192
8.192
8.187
8.186
8.185
8.185
8.183
8.182
8.182
8.181
8.181
8.178
8.178
8.178
8.178
8.177
8.176
8.175
8.173
8.173
8.172
8.169
8.168
8.167
8.166
8.165
8.165
8.164
8.162
8.161
8.160
8.159
8.159
8.156
8.154
8.153
8.153
8.152
8.150
8.150
8.149
8.146
8.146
8.145
8.143
8.143
8.143
8.141
8.139
8.138
8.138
8.137
8.137
8.135
8.132
8.132
8.130
8.130
8.127
8.126
8.125
8.123
8.122
8.122
8.121
8.119
8.119
8.119
8.118
8.118
8.117
8.117
8.117
8.116
8.115
8.114
8.113
8.113
8.112
8.111
8.110
8.108
8.107
8.106
8.106
8.105
8.105
8.104
8.100
8.096
8.096
8.094
8.094
8.093
8.092
8.092
8.091
8.090
8.089
8.088
8.085
8.084
8.084
8.084
8.083
8.081
8.081
8.079
8.079
8.079
8.077
8.076
8.075
8.073
8.073
8.071
8.071
8.070
8.069
8.069
8.069
8.068
8.065
8.065
8.065
8.064
8.063
8.063
8.062
8.061
8.060
8.059
8.059
8.058
8.057
8.057
8.054
8.052
8.052
8.051
8.050
8.049
8.045
8.044
8.043
8.043
8.041
8.040
8.034
8.032
8.031
8.031
8.030
8.029
8.029
8.029
8.028
8.028
8.024
8.024
8.024
8.023
8.023
8.021
8.018
8.017
8.017
8.012
8.011
8.010
8.008
8.005
8.004
8.004
8.003
8.002
8.002
8.001
7.999
7.999
7.999
7.998
7.998
7.993
7.992
7.991
7.990
7.989
7.989
7.987
7.986
7.985
7.985
7.984
7.983
7.982
7.981
7.981
7.980
7.980
7.977
7.976
7.975
7.973
7.971
7.971
7.969
7.968
7.967
7.963
7.962
7.962
7.962
7.960
7.960
7.957
7.957
7.956
7.956
7.956
7.955
7.954
7.954
7.954
7.953
7.951
7.950
7.949
7.949
7.947
7.946
7.944
7.943
7.935
7.934
7.934
7.932
7.932
7.930
7.929
7.928
7.927
7.926
7.921
7.920
7.920
7.919
7.919
7.918
7.918
7.918
7.916
7.916
7.916
7.913
7.910
7.909
7.909
7.907
7.906
7.902
7.900
7.899
7.898
7.892
7.892
7.890
7.890
7.889
7.887
7.885
7.884
7.884
7.884
7.883
7.882
7.880
7.880
7.880
7.877
7.877
7.877
7.876
7.875
7.874
7.874
7.873
7.871
7.869
7.867
7.866
7.866
7.865
7.865
7.865
7.865
7.865
7.864
7.864
7.863
7.862
7.860
7.860
7.857
7.856
7.853
7.853
7.853
7.852
7.851
7.847
7.845
7.845
7.845
7.844
7.844
7.841
7.840
7.839
7.837
7.837
7.833
7.831
7.831
7.831
7.830
7.830
7.830
7.829
7.828
7.823
7.822
7.822
7.822
7.821
7.821
7.820
7.819
7.816
7.815
7.814
7.813
7.813
7.811
7.810
7.809
7.809
7.808
7.808
7.807
7.806
7.805
7.805
7.804
7.803
7.803
7.801
7.801
7.799
7.798
7.797
7.797
7.794
7.794
7.793
7.792
7.791
7.790
7.789
7.786
7.786
7.783
7.782
7.781
7.781
7.780
7.779
7.779
7.779
7.778
7.777
7.777
7.777
7.773
7.770
7.770
7.770
7.768
7.768
7.767
7.767
7.767
7.766
7.765
7.765
7.765
7.765
7.764
7.764
7.762
7.760
7.760
7.757
7.756
7.756
7.752
7.752
7.751
7.751
7.750
7.748
7.748
7.741
7.740
7.739
7.739
7.739
7.738
7.738
7.736
7.736
7.734
7.734
7.734
7.734
7.733
7.733
7.732
7.732
7.732
7.730
7.727
7.726
7.724
7.723
7.719
7.716
7.716
7.716
7.715
7.714
7.713
7.712
7.710
7.709
7.707
7.707
7.705
7.703
7.703
7.702
7.701
7.700
7.700
7.699
7.699
7.697
7.697
7.695
7.692
7.689
7.689
7.689
7.686
7.685
7.685
7.684
7.683
7.683
7.683
7.680
7.679
7.678
7.678
7.677
7.676
7.675
7.674
7.674
7.673
7.671
7.670
7.669
7.667
7.666
7.666
7.663
7.662
7.661
7.661
7.661
7.661
7.658
7.657
7.657
7.653
7.652
7.652
7.651
7.650
7.650
7.649
7.645
7.645
7.639
7.638
7.635
7.633
7.633
7.632
7.631
7.630
7.629
7.623
7.623
7.622
7.622
7.622
7.621
7.621
7.618
7.617
7.617
7.616
7.614
7.613
7.612
7.610
7.609
7.609
7.609
7.608
7.606
7.605
7.604
7.604
7.601
7.601
7.601
7.600
7.596
7.596
7.595
7.595
7.594
7.593
7.592
7.590
7.589
7.589
7.586
7.584
7.583
7.582
7.581
7.579
7.578
7.576
7.574
7.574
7.572
7.571
7.570
7.568
7.567
7.566
7.564
7.564
7.563
7.562
7.561
7.559
7.559
7.558
7.558
7.556
7.550
7.550
7.549
7.548
7.548
7.543
7.540
7.540
7.538
7.538
7.537
7.536
7.536
7.535
7.535
7.532
7.531
7.531
7.530
7.528
7.528
7.527
7.526
7.525
7.525
7.524
7.523
7.522
7.521
7.520
7.520
7.517
7.517
7.515
7.514
7.513
7.512
7.512
7.511
7.511
7.508
7.508
7.506
7.506
7.505
7.502
7.502
7.501
7.501
7.499
7.499
7.498
7.496
7.495
7.494
7.493
7.492
7.492
7.489
7.487
7.486
7.485
7.485
7.485
7.483
7.480
7.480
7.478
7.478
7.478
7.475
7.472
7.472
7.471
7.471
7.469
7.468
7.468
7.465
7.461
7.460
7.460
7.459
7.459
7.459
7.456
7.456
7.456
7.455
7.455
7.454
7.454
7.453
7.452
7.449
7.449
7.448
7.445
7.444
7.444
7.444
7.443
7.441
7.441
7.441
7.440
7.438
7.438
7.437
7.436
7.436
7.435
7.433
7.432
7.431
7.430
7.429
7.429
7.429
7.428
7.428
7.427
7.426
7.426
7.425
7.424
7.423
7.423
7.423
7.418
7.417
7.417
7.416
7.416
7.415
7.414
7.413
7.413
7.411
7.410
7.409
7.407
7.407
7.406
7.405
7.405
7.405
7.404
7.398
7.397
7.394
7.393
7.393
7.393
7.392
7.390
7.389
7.387
7.387
7.386
7.386
7.386
7.385
7.384
7.382
7.381
7.380
7.378
7.377
7.377
7.376
7.375
7.373
7.371
7.371
7.370
7.370
7.369
7.369
7.367
7.366
7.366
7.366
7.365
7.364
7.362
7.360
7.360
7.360
7.360
7.359
7.359
7.359
7.358
7.357
7.356
7.356
7.355
7.353
7.352
7.351
7.350
7.350
7.348
7.347
7.347
7.345
7.343
7.342
7.342
7.342
7.341
7.340
7.340
7.339
7.338
7.338
7.338
7.337
7.336
7.336
7.334
7.334
7.333
7.332
7.332
7.329
7.328
7.326
7.326
7.325
7.323
7.323
7.320
7.319
7.319
7.319
7.317
7.315
7.315
7.314
7.313
7.311
7.310
7.309
7.306
7.305
7.304
7.302
7.300
7.299
7.298
7.297
7.294
7.293
7.292
7.292
7.291
7.290
7.289
7.288
7.288
7.287
7.286
7.284
7.282
7.282
7.278
7.277
7.277
7.275
7.273
7.272
7.270
7.270
7.269
7.268
7.267
7.266
7.265
7.263
7.262
7.261
7.260
7.260
7.259
7.258
7.258
7.258
7.257
7.256
7.256
7.256
7.255
7.253
7.253
7.253
7.251
7.250
7.250
7.246
7.245
7.242
7.241
7.240
7.240
7.239
7.239
7.238
7.238
7.237
7.233
7.232
7.230
7.229
7.228
7.228
7.227
7.225
7.225
7.225
7.224
7.224
7.223
7.222
7.222
7.221
7.221
7.220
7.219
7.218
7.217
7.217
7.217
7.216
7.215
7.212
7.212
7.210
7.203
7.202
7.201
7.201
7.201
7.200
7.200
7.200
7.197
7.188
7.184
7.183
7.181
7.179
7.177
7.176
7.174
7.174
7.173
7.172
7.171
7.171
7.169
7.165
7.163
7.162
7.162
7.161
7.161
7.160
7.157
7.156
7.154
7.153
7.153
7.152
7.152
7.152
7.151
7.150
7.148
7.148
7.148
7.147
7.146
7.145
7.144
7.142
7.142
7.140
7.139
7.137
7.136
7.135
7.135
7.134
7.133
7.132
7.130
7.126
7.122
7.120
7.119
7.119
7.119
7.119
7.119
7.115
7.114
7.113
7.113
7.112
7.111
7.111
7.111
7.111
7.110
7.109
7.108
7.107
7.107
7.107
7.103
7.103
7.102
7.101
7.100
7.099
7.098
7.098
7.098
7.098
7.095
7.094
7.094
7.094
7.092
7.092
7.092
7.090
7.090
7.089
7.089
7.089
7.089
7.087
7.087
7.086
7.081
7.081
7.079
7.079
7.078
7.078
7.077
7.075
7.073
7.071
7.069
7.069
7.067
7.065
7.064
7.062
7.059
7.057
7.057
7.055
7.055
7.054
7.052
7.051
7.050
7.049
7.049
7.048
7.047
7.046
7.045
7.044
7.044
7.043
7.042
7.042
7.042
7.040
7.039
7.037
7.033
7.033
7.033
7.032
7.032
7.031
7.030
7.030
7.028
7.028
7.027
7.026
7.025
7.022
7.021
7.020
7.020
7.019
7.019
7.019
7.018
7.018
7.016
7.014
7.012
7.010
7.009
7.005
7.005
7.004
7.004
7.003
6.999
6.996
6.994
6.992
6.991
6.986
6.985
6.981
6.979
6.978
6.977
6.977
6.976
6.976
6.975
6.974
6.974
6.973
6.971
6.969
6.969
6.968
6.968
6.967
6.965
6.964
6.963
6.963
6.963
6.963
6.960
6.958
6.955
6.954
6.954
6.953
6.951
6.951
6.950
6.950
6.949
6.946
6.944
6.941
6.941
6.940
6.939
6.939
6.938
6.937
6.936
6.935
6.933
6.933
6.930
6.929
6.922
6.918
6.918
6.917
6.916
6.916
6.916
6.915
6.912
6.910
6.910
6.907
6.906
6.904
6.903
6.903
6.902
6.902
6.901
6.901
6.901
6.899
6.897
6.897
6.897
6.896
6.895
6.890
6.889
6.888
6.887
6.887
6.886
6.886
6.885
6.884
6.882
6.878
6.877
6.877
6.874
6.871
6.871
6.869
6.869
6.868
6.867
6.867
6.867
6.865
6.864
6.864
6.863
6.859
6.858
6.858
6.857
6.856
6.856
6.854
6.854
6.853
6.851
6.851
6.849
6.848
6.848
6.845
6.845
6.845
6.845
6.842
6.840
6.839
6.839
6.839
6.837
6.837
6.836
6.836
6.836
6.835
6.835
6.835
6.834
6.833
6.832
6.832
6.829
6.829
6.823
6.823
6.822
6.820
6.819
6.818
6.817
6.816
6.815
6.814
6.814
6.814
6.813
6.813
6.811
6.811
6.809
6.809
6.809
6.808
6.808
6.808
6.808
6.807
6.806
6.804
6.803
6.803
6.802
6.802
6.800
6.799
6.798
6.797
6.793
6.791
6.788
6.787
6.787
6.787
6.786
6.785
6.785
6.783
6.781
6.776
6.774
6.772
6.769
6.768
6.766
6.766
6.766
6.766
6.763
6.761
6.753
6.751
6.751
6.751
6.750
6.749
6.748
6.748
6.747
6.746
6.746
6.745
6.743
6.741
6.740
6.739
6.739
6.735
6.734
6.731
6.730
6.722
6.721
6.720
6.719
6.718
6.715
6.714
6.714
6.710
6.708
6.707
6.706
6.705
6.705
6.705
6.704
6.702
6.698
6.698
6.696
6.696
6.693
6.691
6.691
6.690
6.689
6.688
6.688
6.685
6.682
6.682
6.682
6.681
6.680
6.679
6.679
6.679
6.678
6.677
6.676
6.676
6.674
6.674
6.674
6.673
6.673
6.671
6.670
6.669
6.669
6.669
6.669
6.668
6.665
6.665
6.663
6.662
6.662
6.660
6.659
6.658
6.656
6.654
6.654
6.652
6.651
6.651
6.650
6.648
6.646
6.646
6.646
6.645
6.641
6.641
6.639
6.639
6.638
6.638
6.637
6.636
6.634
6.633
6.633
6.632
6.630
6.630
6.627
6.625
6.625
6.625
6.623
6.622
6.620
6.619
6.618
6.618
6.618
6.617
6.616
6.614
6.613
6.613
6.613
6.612
6.610
6.608
6.607
6.606
6.606
6.604
6.603
6.603
6.601
6.601
6.599
6.598
6.598
6.597
6.597
6.595
6.593
6.592
6.592
6.592
6.591
6.590
6.588
6.587
6.586
6.585
6.585
6.582
6.581
6.578
6.578
6.578
6.577
6.575
6.574
6.573
6.573
6.572
6.571
6.570
6.569
6.568
6.568
6.567
6.567
6.566
6.566
6.565
6.565
6.563
6.562
6.561
6.561
6.561
6.560
6.559
6.558
6.558
6.556
6.554
6.554
6.553
6.551
6.549
6.547
6.547
6.546
6.543
6.541
6.541
6.539
6.539
6.538
6.538
6.537
6.534
6.533
6.533
6.531
6.530
6.527
6.526
6.524
6.522
6.521
6.518
6.518
6.517
6.516
6.515
6.515
6.514
6.514
6.513
6.512
6.511
6.504
6.504
6.503
6.502
6.497
6.496
6.495
6.494
6.493
6.492
6.492
6.491
6.490
6.490
6.489
6.488
6.487
6.486
6.486
6.485
6.484
6.483
6.482
6.482
6.482
6.481
6.481
6.481
6.481
6.479
6.479
6.476
6.476
6.476
6.475
6.474
6.473
6.472
6.472
6.470
6.470
6.469
6.469
6.467
6.466
6.466
6.462
6.461
6.457
6.456
6.452
6.452
6.451
6.451
6.450
6.450
6.449
6.446
6.446
6.445
6.445
6.443
6.442
6.442
6.441
6.440
6.440
6.439
6.439
6.437
6.437
6.435
6.435
6.435
6.432
6.430
6.426
6.426
6.425
6.425
6.423
6.422
6.422
6.422
6.421
6.420
6.419
6.417
6.416
6.416
6.416
6.416
6.414
6.413
6.413
6.412
6.412
6.412
6.410
6.408
6.405
6.403
6.402
6.401
6.401
6.401
6.400
6.399
6.399
6.397
6.397
6.395
6.393
6.392
6.391
6.390
6.390
6.389
6.385
6.385
6.385
6.383
6.383
6.382
6.382
6.380
6.379
6.377
6.377
6.376
6.375
6.374
6.372
6.372
6.372
6.370
6.370
6.369
6.368
6.368
6.366
6.366
6.366
6.365
6.365
6.364
6.362
6.362
6.358
6.358
6.355
6.355
6.355
6.355
6.354
6.352
6.352
6.350
6.349
6.349
6.349
6.349
6.346
6.346
6.345
6.345
6.345
6.344
6.342
6.339
6.338
6.337
6.337
6.337
6.336
6.334
6.334
6.333
6.331
6.331
6.329
6.329
6.327
6.327
6.327
6.326
6.326
6.326
6.326
6.325
6.325
6.324
6.323
6.323
6.320
6.320
6.318
6.317
6.316
6.315
6.315
6.311
6.310
6.310
6.309
6.309
6.305
6.304
6.304
6.304
6.304
6.301
6.300
6.300
6.300
6.298
6.297
6.297
6.295
6.295
6.294
6.292
6.285
6.285
6.284
6.284
6.283
6.283
6.282
6.280
6.280
6.279
6.279
6.278
6.277
6.277
6.276
6.276
6.274
6.274
6.271
6.269
6.268
6.268
6.266
6.266
6.265
6.264
6.264
6.263
6.263
6.262
6.262
6.261
6.261
6.260
6.260
6.259
6.258
6.257
6.256
6.254
6.254
6.252
6.252
6.250
6.249
6.248
6.246
6.246
6.245
6.242
6.242
6.241
6.241
6.241
6.240
6.240
6.239
6.239
6.238
6.238
6.237
6.236
6.236
6.236
6.235
6.230
6.229
6.228
6.228
6.225
6.224
6.224
6.221
6.220
6.220
6.218
6.215
6.214
6.214
6.214
6.213
6.211
6.211
6.207
6.207
6.203
6.202
6.202
6.201
6.201
6.198
6.197
6.197
6.196
6.196
6.194
6.193
6.188
6.188
6.187
6.186
6.186
6.183
6.183
6.182
6.181
6.178
6.176
6.175
6.175
6.173
6.173
6.172
6.172
6.169
6.169
6.166
6.165
6.165
6.163
6.162
6.161
6.161
6.160
6.159
6.159
6.157
6.157
6.157
6.156
6.155
6.155
6.155
6.154
6.153
6.152
6.150
6.150
6.150
6.149
6.147
6.146
6.146
6.141
6.141
6.139
6.138
6.138
6.137
6.136
6.135
6.135
6.135
6.134
6.133
6.131
6.130
6.127
6.127
6.126
6.126
6.123
6.121
6.120
6.116
6.116
6.114
6.112
6.111
6.111
6.111
6.109
6.108
6.108
6.107
6.107
6.105
6.104
6.103
6.103
6.102
6.102
6.101
6.099
6.097
6.096
6.096
6.095
6.094
6.093
6.093
6.091
6.088
6.085
6.081
6.080
6.080
6.080
6.079
6.079
6.073
6.073
6.072
6.072
6.072
6.071
6.070
6.068
6.065
6.064
6.061
6.059
6.058
6.057
6.057
6.057
6.055
6.054
6.054
6.052
6.051
6.050
6.049
6.049
6.048
6.047
6.044
6.043
6.043
6.041
6.040
6.038
6.034
6.034
6.033
6.033
6.031
6.027
6.026
6.025
6.025
6.024
6.022
6.021
6.021
6.021
6.020
6.017
6.017
6.017
6.013
6.013
6.013
6.009
6.009
6.008
6.005
6.002
6.002
6.002
6.001
6.000
5.998
5.997
5.997
5.996
5.996
5.993
5.992
5.991
5.991
5.990
5.989
5.987
5.986
5.986
5.983
5.983
5.981
5.981
5.981
5.980
5.978
5.975
5.975
5.974
5.972
5.972
5.969
5.968
5.968
5.967
5.965
5.963
5.962
5.959
5.958
5.957
5.955
5.951
5.951
5.950
5.950
5.949
5.946
5.946
5.945
5.944
5.942
5.941
5.941
5.941
5.940
5.939
5.937
5.935
5.935
5.934
5.934
5.933
5.931
5.931
5.928
5.927
5.925
5.924
5.924
5.923
5.920
5.918
5.916
5.916
5.914
5.914
5.913
5.913
5.913
5.911
5.909
5.907
5.906
5.905
5.905
5.905
5.904
5.903
5.902
5.900
5.898
5.897
5.893
5.892
5.891
5.890
5.890
5.889
5.889
5.887
5.887
5.887
5.884
5.884
5.883
5.883
5.882
5.878
5.875
5.870
5.870
5.868
5.868
5.866
5.866
5.866
5.865
5.864
5.864
5.863
5.858
5.856
5.856
5.855
5.855
5.854
5.854
5.853
5.851
5.851
5.850
5.848
5.844
5.844
5.843
5.842
5.839
5.838
5.836
5.835
5.835
5.835
5.834
5.833
5.832
5.829
5.827
5.826
5.824
5.823
5.823
5.822
5.822
5.821
5.821
5.820
5.820
5.819
5.819
5.817
5.817
5.816
5.815
5.814
5.813
5.813
5.812
5.812
5.810
5.809
5.808
5.808
5.807
5.806
5.805
5.804
5.803
5.803
5.803
5.802
5.799
5.797
5.794
5.793
5.791
5.790
5.789
5.788
5.787
5.787
5.787
5.786
5.785
5.785
5.783
5.783
5.782
5.780
5.780
5.779
5.775
5.775
5.774
5.773
5.772
5.772
5.771
5.770
5.769
5.768
5.768
5.766
5.766
5.766
5.765
5.764
5.763
5.763
5.763
5.762
5.761
5.761
5.760
5.760
5.759
5.759
5.759
5.751
5.749
5.749
5.749
5.748
5.748
5.746
5.744
5.741
5.741
5.740
5.738
5.738
5.737
5.736
5.733
5.732
5.732
5.731
5.731
5.730
5.730
5.728
5.727
5.726
5.726
5.726
5.725
5.725
5.723
5.723
5.721
5.719
5.719
5.718
5.718
5.717
5.715
5.714
5.714
5.713
5.711
5.711
5.708
5.707
5.706
5.705
5.704
5.703
5.703
5.703
5.701
5.699
5.699
5.698
5.698
5.697
5.694
5.694
5.694
5.693
5.693
5.693
5.690
5.690
5.689
5.688
5.688
5.684
5.684
5.682
5.682
5.681
5.681
5.681
5.680
5.679
5.678
5.677
5.676
5.676
5.675
5.672
5.671
5.671
5.670
5.669
5.668
5.667
5.667
5.665
5.665
5.663
5.662
5.662
5.660
5.660
5.657
5.656
5.654
5.653
5.649
5.648
5.647
5.644
5.643
5.642
5.640
5.640
5.640
5.638
5.638
5.637
5.636
5.633
5.632
5.631
5.631
5.630
5.628
5.628
5.627
5.626
5.626
5.626
5.625
5.625
5.623
5.621
5.621
5.620
5.619
5.618
5.618
5.616
5.616
5.614
5.614
5.611
5.611
5.610
5.608
5.606
5.605
5.605
5.605
5.604
5.603
5.601
5.601
5.600
5.599
5.597
5.596
5.596
5.595
5.593
5.593
5.590
5.589
5.589
5.588
5.587
5.586
5.586
5.584
5.583
5.583
5.582
5.582
5.580
5.578
5.578
5.576
5.575
5.574
5.574
5.574
5.573
5.570
5.570
5.570
5.569
5.569
5.568
5.568
5.565
5.561
5.560
5.559
5.559
5.558
5.557
5.557
5.555
5.553
5.552
5.552
5.551
5.551
5.551
5.550
5.548
5.547
5.546
5.546
5.543
5.541
5.540
5.539
5.537
5.535
5.535
5.534
5.532
5.531
5.531
5.530
5.529
5.528
5.525
5.524
5.524
5.523
5.522
5.521
5.521
5.520
5.518
5.517
5.517
5.515
5.515
5.513
5.512
5.510
5.510
5.506
5.506
5.503
5.503
5.502
5.498
5.497
5.497
5.496
5.495
5.495
5.494
5.493
5.493
5.492
5.490
5.490
5.489
5.489
5.488
5.488
5.487
5.487
5.486
5.486
5.485
5.484
5.484
5.483
5.482
5.479
5.476
5.474
5.473
5.471
5.471
5.470
5.470
5.470
5.469
5.469
5.468
5.467
5.465
5.462
5.462
5.460
5.459
5.459
5.459
5.457
5.455
5.454
5.453
5.453
5.453
5.451
5.450
5.449
5.448
5.447
5.445
5.445
5.445
5.444
5.443
5.442
5.440
5.440
5.439
5.438
5.437
5.437
5.435
5.435
5.433
5.432
5.430
5.430
5.427
5.425
5.424
5.424
5.424
5.424
5.423
5.422
5.420
5.420
5.419
5.418
5.418
5.415
5.414
5.413
5.411
5.409
5.408
5.407
5.407
5.407
5.405
5.404
5.404
5.404
5.402
5.402
5.401
5.401
5.401
5.396
5.394
5.393
5.391
5.390
5.390
5.388
5.382
5.382
5.382
5.382
5.381
5.379
5.377
5.377
5.376
5.376
5.375
5.375
5.374
5.372
5.371
5.370
5.369
5.368
5.367
5.363
5.361
5.360
5.359
5.358
5.357
5.356
5.355
5.354
5.354
5.353
5.353
5.351
5.351
5.351
5.350
5.349
5.347
5.346
5.345
5.345
5.343
5.340
5.339
5.338
5.337
5.336
5.336
5.336
5.336
5.333
5.333
5.332
5.331
5.328
5.327
5.326
5.323
5.322
5.322
5.322
5.321
5.319
5.318
5.318
5.316
5.315
5.314
5.314
5.312
5.312
5.311
5.311
5.311
5.309
5.309
5.309
5.308
5.307
5.306
5.305
5.303
5.303
5.300
5.297
5.297
5.297
5.294
5.290
5.289
5.288
5.286
5.286
5.284
5.283
5.282
5.281
5.279
5.279
5.278
5.276
5.274
5.272
5.271
5.269
5.267
5.264
5.264
5.263
5.263
5.263
5.260
5.258
5.258
5.256
5.255
5.253
5.252
5.251
5.248
5.247
5.247
5.246
5.246
5.246
5.242
5.241
5.240
5.239
5.239
5.238
5.237
5.236
5.236
5.235
5.234
5.233
5.233
5.231
5.231
5.229
5.229
5.221
5.219
5.218
5.218
5.214
5.214
5.213
5.212
5.212
5.210
5.210
5.209
5.208
5.207
5.207
5.204
5.204
5.203
5.201
5.200
5.199
5.198
5.197
5.196
5.196
5.195
5.193
5.192
5.190
5.190
5.188
5.188
5.187
5.186
5.185
5.185
5.184
5.182
5.182
5.181
5.180
5.180
5.177
5.177
5.175
5.175
5.175
5.174
5.174
5.174
5.173
5.173
5.172
5.169
5.169
5.168
5.167
5.166
5.164
5.164
5.163
5.162
5.162
5.161
5.158
5.157
5.157
5.156
5.154
5.153
5.153
5.153
5.149
5.149
5.149
5.148
5.148
5.146
5.145
5.145
5.145
5.145
5.141
5.140
5.140
5.139
5.138
5.136
5.132
5.130
5.130
5.128
5.127
5.127
5.126
5.124
5.123
5.123
5.122
5.122
5.122
5.120
5.120
5.119
5.119
5.119
5.119
5.118
5.116
5.114
5.112
5.111
5.110
5.110
5.107
5.106
5.106
5.105
5.104
5.104
5.104
5.103
5.100
5.100
5.099
5.099
5.098
5.096
5.095
5.094
5.094
5.093
5.093
5.092
5.092
5.088
5.088
5.087
5.086
5.086
5.086
5.085
5.085
5.084
5.084
5.083
5.083
5.082
5.080
5.079
5.078
5.077
5.075
5.075
5.073
5.069
5.069
5.068
5.066
5.065
5.065
5.064
5.064
5.059
5.058
5.057
5.057
5.057
5.056
5.055
5.054
5.054
5.053
5.053
5.048
5.048
5.047
5.046
5.046
5.044
5.043
5.043
5.043
5.042
5.042
5.041
5.040
5.040
5.039
5.039
5.039
5.038
5.038
5.038
5.038
5.037
5.031
5.031
5.031
5.030
5.029
5.028
5.028
5.028
5.028
5.027
5.027
5.025
5.025
5.024
5.023
5.021
5.021
5.020
5.018
5.018
5.016
5.013
5.012
5.012
5.008
5.008
5.007
5.005
5.005
5.005
5.005
5.004
5.003
5.002
5.002
5.000
5.000
4.999
4.999
4.998
4.998
4.998
4.998
4.997
4.996
4.994
4.994
4.993
4.989
4.989
4.988
4.986
4.986
4.983
4.981
4.976
4.976
4.975
4.974
4.973
4.972
4.972
4.970
4.969
4.969
4.969
4.968
4.968
4.967
4.966
4.966
4.964
4.963
4.963
4.962
4.959
4.959
4.959
4.957
4.956
4.956
4.955
4.955
4.955
4.951
4.950
4.949
4.948
4.948
4.945
4.943
4.943
4.942
4.941
4.937
4.935
4.930
4.929
4.928
4.928
4.927
4.927
4.926
4.925
4.925
4.923
4.922
4.921
4.920
4.920
4.918
4.918
4.916
4.914
4.914
4.914
4.913
4.913
4.913
4.912
4.912
4.910
4.910
4.908
4.908
4.907
4.906
4.906
4.906
4.905
4.905
4.904
4.901
4.901
4.900
4.900
4.900
4.900
4.899
4.899
4.898
4.898
4.897
4.896
4.896
4.896
4.893
4.893
4.892
4.889
4.888
4.888
4.887
4.885
4.884
4.884
4.884
4.883
4.883
4.881
4.878
4.878
4.877
4.876
4.876
4.875
4.873
4.871
4.869
4.867
4.865
4.864
4.864
4.863
4.863
4.863
4.862
4.860
4.859
4.859
4.858
4.857
4.857
4.856
4.855
4.854
4.853
4.853
4.852
4.850
4.850
4.850
4.849
4.849
4.848
4.845
4.844
4.843
4.842
4.840
4.840
4.839
4.837
4.836
4.836
4.834
4.833
4.833
4.832
4.832
4.832
4.831
4.830
4.830
4.830
4.828
4.827
4.826
4.823
4.821
4.819
4.818
4.817
4.817
4.817
4.813
4.811
4.809
4.809
4.809
4.808
4.808
4.807
4.807
4.806
4.805
4.804
4.803
4.802
4.800
4.800
4.799
4.798
4.798
4.795
4.794
4.794
4.792
4.791
4.790
4.788
4.787
4.785
4.784
4.784
4.783
4.782
4.782
4.782
4.781
4.780
4.779
4.778
4.778
4.778
4.776
4.776
4.776
4.775
4.774
4.774
4.772
4.770
4.770
4.770
4.767
4.767
4.766
4.765
4.764
4.763
4.762
4.762
4.760
4.759
4.759
4.758
4.756
4.755
4.755
4.754
4.752
4.752
4.752
4.751
4.750
4.750
4.748
4.747
4.747
4.745
4.743
4.740
4.740
4.739
4.739
4.739
4.738
4.737
4.736
4.736
4.735
4.733
4.731
4.731
4.729
4.729
4.727
4.726
4.726
4.725
4.724
4.724
4.721
4.717
4.716
4.716
4.714
4.714
4.712
4.710
4.710
4.708
4.707
4.706
4.705
4.704
4.702
4.701
4.698
4.697
4.696
4.695
4.695
4.695
4.694
4.690
4.689
4.687
4.687
4.686
4.683
4.682
4.682
4.681
4.681
4.680
4.680
4.679
4.677
4.676
4.675
4.674
4.673
4.669
4.669
4.668
4.664
4.664
4.664
4.664
4.663
4.662
4.662
4.661
4.661
4.660
4.660
4.658
4.658
4.657
4.657
4.655
4.654
4.653
4.652
4.652
4.652
4.651
4.651
4.650
4.649
4.649
4.644
4.644
4.643
4.643
4.642
4.642
4.641
4.641
4.638
4.636
4.636
4.635
4.631
4.630
4.629
4.628
4.628
4.627
4.625
4.625
4.624
4.624
4.624
4.623
4.622
4.622
4.622
4.618
4.618
4.618
4.617
4.616
4.616
4.614
4.613
4.611
4.611
4.610
4.609
4.609
4.608
4.607
4.607
4.607
4.607
4.606
4.606
4.605
4.603
4.603
4.601
4.600
4.600
4.599
4.598
4.597
4.595
4.593
4.593
4.592
4.592
4.591
4.590
4.588
4.583
4.581
4.579
4.578
4.578
4.575
4.575
4.574
4.570
4.569
4.565
4.565
4.565
4.564
4.563
4.562
4.558
4.557
4.557
4.557
4.557
4.557
4.556
4.555
4.555
4.554
4.554
4.554
4.553
4.552
4.552
4.551
4.550
4.549
4.546
4.546
4.543
4.542
4.541
4.540
4.540
4.539
4.537
4.537
4.537
4.536
4.533
4.533
4.533
4.532
4.532
4.532
4.530
4.530
4.526
4.525
4.524
4.523
4.523
4.521
4.520
4.519
4.519
4.518
4.516
4.516
4.515
4.514
4.513
4.513
4.512
4.511
4.510
4.510
4.510
4.505
4.504
4.503
4.503
4.502
4.502
4.502
4.500
4.499
4.498
4.494
4.493
4.492
4.490
4.489
4.488
4.488
4.487
4.487
4.486
4.486
4.484
4.484
4.483
4.482
4.481
4.481
4.480
4.480
4.479
4.476
4.475
4.475
4.475
4.474
4.471
4.470
4.469
4.469
4.467
4.467
4.463
4.462
4.460
4.459
4.459
4.459
4.459
4.458
4.457
4.454
4.453
4.451
4.451
4.450
4.450
4.449
4.448
4.447
4.446
4.445
4.443
4.442
4.442
4.441
4.441
4.441
4.439
4.429
4.428
4.428
4.427
4.425
4.423
4.423
4.423
4.422
4.419
4.419
4.416
4.415
4.413
4.412
4.411
4.410
4.409
4.408
4.404
4.404
4.404
4.402
4.402
4.401
4.401
4.400
4.399
4.399
4.399
4.398
4.397
4.396
4.396
4.395
4.394
4.393
4.390
4.390
4.390
4.389
4.389
4.389
4.387
4.386
4.384
4.383
4.381
4.381
4.380
4.378
4.377
4.374
4.371
4.369
4.368
4.367
4.366
4.364
4.364
4.361
4.360
4.360
4.360
4.358
4.356
4.355
4.354
4.354
4.352
4.351
4.349
4.347
4.346
4.346
4.345
4.345
4.344
4.343
4.343
4.342
4.341
4.341
4.341
4.341
4.341
4.340
4.340
4.335
4.334
4.332
4.332
4.331
4.330
4.329
4.328
4.328
4.327
4.327
4.327
4.326
4.326
4.324
4.323
4.321
4.320
4.319
4.319
4.318
4.318
4.317
4.316
4.315
4.315
4.315
4.313
4.312
4.312
4.312
4.310
4.309
4.308
4.308
4.307
4.306
4.306
4.306
4.300
4.300
4.300
4.299
4.298
4.298
4.297
4.297
4.296
4.294
4.293
4.292
4.291
4.291
4.290
4.290
4.289
4.288
4.288
4.287
4.282
4.280
4.279
4.279
4.279
4.279
4.276
4.272
4.269
4.269
4.268
4.267
4.267
4.266
4.264
4.264
4.258
4.257
4.257
4.255
4.255
4.253
4.253
4.252
4.251
4.251
4.249
4.249
4.248
4.246
4.241
4.240
4.238
4.237
4.235
4.234
4.234
4.234
4.233
4.232
4.232
4.230
4.229
4.227
4.221
4.221
4.221
4.216
4.216
4.210
4.208
4.205
4.204
4.202
4.201
4.201
4.200
4.200
4.199
4.199
4.198
4.197
4.196
4.195
4.192
4.189
4.187
4.186
4.186
4.185
4.185
4.185
4.184
4.181
4.180
4.180
4.180
4.180
4.179
4.179
4.176
4.174
4.172
4.169
4.168
4.168
4.166
4.166
4.166
4.164
4.163
4.163
4.162
4.159
4.159
4.159
4.159
4.156
4.156
4.155
4.153
4.151
4.151
4.149
4.149
4.149
4.149
4.147
4.146
4.146
4.143
4.143
4.142
4.140
4.140
4.140
4.139
4.138
4.137
4.136
4.136
4.136
4.134
4.134
4.133
4.131
4.130
4.130
4.129
4.128
4.127
4.127
4.124
4.124
4.123
4.121
4.120
4.120
4.120
4.120
4.119
4.117
4.116
4.116
4.114
4.114
4.113
4.111
4.110
4.109
4.108
4.107
4.106
4.106
4.105
4.104
4.102
4.102
4.102
4.100
4.099
4.099
4.099
4.098
4.093
4.092
4.091
4.090
4.090
4.090
4.090
4.089
4.089
4.088
4.088
4.087
4.085
4.085
4.084
4.081
4.081
4.081
4.079
4.079
4.078
4.078
4.078
4.078
4.077
4.077
4.077
4.075
4.073
4.072
4.072
4.072
4.072
4.070
4.068
4.067
4.064
4.064
4.063
4.063
4.061
4.060
4.060
4.059
4.059
4.058
4.057
4.057
4.055
4.054
4.053
4.053
4.052
4.051
4.051
4.051
4.049
4.048
4.045
4.044
4.043
4.042
4.040
4.038
4.038
4.036
4.032
4.027
4.026
4.026
4.026
4.024
4.023
4.022
4.022
4.020
4.020
4.020
4.018
4.017
4.015
4.013
4.012
4.012
4.011
4.011
4.010
4.010
4.009
4.007
4.007
4.007
4.007
4.007
4.006
4.005
4.004
4.004
3.999
3.997
3.995
3.994
3.993
3.993
3.992
3.991
3.991
3.991
3.991
3.990
3.990
3.990
3.988
3.986
3.985
3.985
3.984
3.984
3.984
3.983
3.983
3.983
3.982
3.980
3.979
3.978
3.974
3.972
3.972
3.971
3.971
3.968
3.968
3.965
3.963
3.962
3.959
3.959
3.959
3.958
3.954
3.953
3.953
3.952
3.951
3.951
3.950
3.949
3.949
3.948
3.946
3.945
3.944
3.944
3.941
3.940
3.937
3.936
3.935
3.935
3.934
3.930
3.929
3.928
3.924
3.923
3.922
3.920
3.919
3.919
3.918
3.917
3.916
3.916
3.916
3.915
3.912
3.912
3.911
3.911
3.909
3.908
3.908
3.907
3.906
3.904
3.902
3.901
3.901
3.900
3.900
3.900
3.896
3.896
3.895
3.894
3.894
3.893
3.891
3.891
3.889
3.888
3.887
3.887
3.885
3.884
3.884
3.882
3.881
3.879
3.879
3.878
3.877
3.873
3.873
3.873
3.872
3.871
3.871
3.869
3.867
3.865
3.863
3.863
3.860
3.856
3.855
3.854
3.854
3.853
3.852
3.846
3.844
3.844
3.842
3.842
3.841
3.839
3.838
3.836
3.834
3.832
3.831
3.829
3.827
3.826
3.822
3.816
3.816
3.815
3.811
3.809
3.809
3.808
3.808
3.805
3.805
3.802
3.801
3.801
3.800
3.800
3.799
3.798
3.797
3.796
3.795
3.792
3.791
3.790
3.789
3.788
3.788
3.788
3.787
3.787
3.787
3.786
3.785
3.785
3.784
3.784
3.782
3.782
3.777
3.776
3.776
3.773
3.773
3.773
3.772
3.772
3.771
3.771
3.770
3.770
3.769
3.767
3.766
3.765
3.762
3.762
3.761
3.760
3.760
3.759
3.759
3.758
3.758
3.758
3.757
3.757
3.757
3.755
3.755
3.754
3.753
3.751
3.747
3.745
3.745
3.745
3.743
3.742
3.741
3.738
3.732
3.730
3.730
3.730
3.727
3.726
3.724
3.724
3.719
3.719
3.718
3.718
3.715
3.715
3.714
3.713
3.712
3.710
3.710
3.708
3.705
3.704
3.704
3.704
3.703
3.703
3.702
3.702
3.702
3.701
3.700
3.698
3.697
3.697
3.694
3.694
3.693
3.692
3.691
3.691
3.690
3.689
3.688
3.685
3.680
3.677
3.677
3.677
3.676
3.673
3.673
3.673
3.670
3.669
3.669
3.669
3.668
3.665
3.665
3.663
3.662
3.662
3.659
3.657
3.657
3.654
3.651
3.648
3.647
3.647
3.646
3.645
3.642
3.642
3.640
3.638
3.637
3.637
3.637
3.637
3.636
3.636
3.633
3.633
3.631
3.631
3.630
3.629
3.627
3.626
3.626
3.625
3.625
3.624
3.624
3.624
3.622
3.619
3.615
3.612
3.608
3.607
3.605
3.600
3.599
3.597
3.597
3.597
3.596
3.594
3.591
3.591
3.589
3.589
3.589
3.588
3.588
3.587
3.587
3.581
3.580
3.579
3.577
3.576
3.576
3.575
3.575
3.575
3.574
3.572
3.571
3.566
3.565
3.564
3.563
3.561
3.557
3.556
3.553
3.552
3.552
3.550
3.550
3.550
3.548
3.547
3.546
3.545
3.543
3.542
3.542
3.541
3.540
3.533
3.532
3.532
3.532
3.530
3.528
3.527
3.527
3.526
3.525
3.525
3.525
3.524
3.524
3.523
3.520
3.519
3.517
3.513
3.512
3.510
3.507
3.506
3.506
3.504
3.504
3.503
3.503
3.502
3.501
3.500
3.499
3.499
3.497
3.496
3.496
3.495
3.493
3.491
3.485
3.484
3.484
3.484
3.482
3.482
3.482
3.481
3.481
3.480
3.480
3.480
3.479
3.478
3.478
3.474
3.474
3.472
3.472
3.468
3.466
3.466
3.465
3.459
3.458
3.454
3.451
3.451
3.450
3.448
3.444
3.443
3.438
3.437
3.436
3.432
3.431
3.431
3.430
3.430
3.427
3.425
3.425
3.424
3.423
3.423
3.423
3.422
3.419
3.419
3.415
3.415
3.413
3.412
3.409
3.408
3.408
3.406
3.405
3.403
3.402
3.396
3.395
3.394
3.394
3.394
3.394
3.393
3.393
3.393
3.392
3.390
3.390
3.388
3.387
3.387
3.386
3.383
3.383
3.383
3.381
3.381
3.380
3.378
3.378
3.377
3.376
3.376
3.375
3.369
3.369
3.367
3.366
3.364
3.362
3.359
3.359
3.354
3.354
3.353
3.352
3.352
3.352
3.350
3.349
3.349
3.348
3.348
3.347
3.343
3.343
3.340
3.339
3.338
3.337
3.337
3.337
3.336
3.335
3.333
3.332
3.331
3.331
3.328
3.326
3.326
3.325
3.325
3.325
3.325
3.324
3.323
3.322
3.322
3.321
3.321
3.321
3.318
3.317
3.314
3.312
3.312
3.312
3.311
3.311
3.310
3.310
3.309
3.309
3.308
3.308
3.307
3.305
3.304
3.304
3.303
3.301
3.297
3.296
3.295
3.295
3.293
3.292
3.290
3.289
3.286
3.285
3.285
3.282
3.280
3.277
3.276
3.275
3.275
3.274
3.274
3.274
3.273
3.271
3.269
3.269
3.264
3.263
3.261
3.261
3.260
3.259
3.257
3.257
3.254
3.253
3.253
3.251
3.250
3.249
3.249
3.246
3.245
3.243
3.239
3.238
3.238
3.237
3.237
3.236
3.233
3.233
3.233
3.232
3.232
3.231
3.231
3.230
3.229
3.228
3.228
3.227
3.227
3.226
3.226
3.225
3.225
3.225
3.224
3.223
3.223
3.221
3.219
3.218
3.217
3.216
3.215
3.213
3.212
3.208
3.207
3.203
3.201
3.201
3.199
3.198
3.198
3.197
3.196
3.193
3.193
3.191
3.191
3.189
3.188
3.188
3.186
3.185
3.185
3.185
3.184
3.182
3.180
3.180
3.178
3.178
3.177
3.177
3.177
3.176
3.175
3.173
3.173
3.173
3.172
3.171
3.171
3.166
3.166
3.164
3.163
3.163
3.162
3.161
3.161
3.160
3.158
3.156
3.155
3.155
3.154
3.153
3.152
3.151
3.151
3.146
3.145
3.145
3.145
3.145
3.144
3.143
3.141
3.139
3.137
3.135
3.134
3.134
3.134
3.132
3.131
3.131
3.129
3.127
3.127
3.126
3.126
3.125
3.125
3.123
3.121
3.120
3.118
3.117
3.116
3.115
3.114
3.113
3.112
3.110
3.108
3.107
3.105
3.105
3.104
3.101
3.099
3.096
3.095
3.094
3.094
3.093
3.090
3.088
3.086
3.085
3.084
3.081
3.080
3.079
3.079
3.079
3.079
3.078
3.078
3.077
3.077
3.075
3.074
3.073
3.073
3.071
3.069
3.067
3.065
3.065
3.064
3.064
3.062
3.062
3.061
3.060
3.059
3.059
3.059
3.055
3.055
3.055
3.053
3.053
3.052
3.051
3.051
3.051
3.049
3.048
3.046
3.046
3.043
3.040
3.039
3.038
3.037
3.037
3.037
3.036
3.035
3.035
3.035
3.034
3.034
3.033
3.033
3.033
3.031
3.031
3.031
3.030
3.029
3.029
3.028
3.028
3.027
3.025
3.024
3.024
3.023
3.020
3.017
3.017
3.015
3.014
3.013
3.012
3.011
3.011
3.011
3.009
3.008
3.007
3.006
3.005
3.003
3.000
3.000
2.999
2.998
2.997
2.997
2.997
2.997
2.997
2.996
2.996
2.995
2.994
2.986
2.985
2.984
2.984
2.983
2.983
2.983
2.982
2.981
2.979
2.979
2.978
2.973
2.973
2.970
2.970
2.970
2.969
2.968
2.966
2.965
2.965
2.963
2.963
2.963
2.962
2.961
2.961
2.960
2.959
2.955
2.953
2.952
2.951
2.943
2.941
2.941
2.938
2.937
2.936
2.934
2.934
2.933
2.933
2.930
2.929
2.926
2.926
2.926
2.925
2.925
2.922
2.921
2.920
2.917
2.913
2.912
2.912
2.911
2.910
2.905
2.903
2.903
2.901
2.897
2.897
2.897
2.894
2.891
2.891
2.891
2.888
2.888
2.887
2.887
2.886
2.886
2.885
2.884
2.882
2.881
2.880
2.879
2.878
2.877
2.875
2.870
2.869
2.868
2.868
2.866
2.866
2.866
2.864
2.864
2.862
2.861
2.859
2.858
2.857
2.857
2.854
2.851
2.850
2.850
2.849
2.847
2.847
2.845
2.844
2.843
2.841
2.840
2.840
2.840
2.840
2.839
2.836
2.833
2.833
2.833
2.832
2.831
2.830
2.830
2.827
2.824
2.821
2.818
2.817
2.813
2.812
2.811
2.811
2.810
2.807
2.806
2.805
2.804
2.804
2.804
2.802
2.802
2.802
2.799
2.798
2.798
2.797
2.793
2.791
2.790
2.789
2.789
2.788
2.788
2.788
2.787
2.787
2.785
2.785
2.783
2.783
2.781
2.779
2.779
2.777
2.775
2.775
2.774
2.774
2.771
2.771
2.768
2.768
2.768
2.767
2.767
2.766
2.765
2.764
2.761
2.761
2.760
2.760
2.759
2.758
2.756
2.756
2.755
2.755
2.753
2.752
2.752
2.750
2.749
2.749
2.749
2.748
2.746
2.746
2.737
2.736
2.734
2.734
2.733
2.732
2.731
2.730
2.729
2.728
2.728
2.728
2.726
2.724
2.724
2.724
2.722
2.718
2.717
2.717
2.716
2.714
2.714
2.714
2.713
2.712
2.712
2.711
2.707
2.707
2.707
2.706
2.705
2.703
2.703
2.702
2.702
2.701
2.701
2.701
2.701
2.701
2.700
2.699
2.697
2.696
2.695
2.692
2.691
2.689
2.689
2.688
2.687
2.686
2.685
2.682
2.681
2.679
2.675
2.674
2.673
2.670
2.669
2.669
2.668
2.667
2.666
2.664
2.664
2.660
2.660
2.658
2.657
2.652
2.647
2.647
2.646
2.645
2.644
2.644
2.644
2.642
2.640
2.640
2.637
2.636
2.635
2.634
2.633
2.632
2.629
2.629
2.627
2.623
2.622
2.620
2.617
2.615
2.614
2.614
2.613
2.613
2.610
2.610
2.610
2.609
2.608
2.606
2.605
2.605
2.605
2.600
2.599
2.599
2.599
2.599
2.596
2.595
2.595
2.595
2.594
2.593
2.593
2.592
2.591
2.591
2.591
2.589
2.588
2.587
2.587
2.586
2.586
2.586
2.586
2.586
2.584
2.583
2.582
2.582
2.581
2.581
2.579
2.577
2.575
2.575
2.573
2.572
2.571
2.568
2.567
2.566
2.565
2.564
2.563
2.563
2.563
2.562
2.561
2.560
2.559
2.559
2.558
2.557
2.556
2.555
2.555
2.552
2.551
2.549
2.548
2.548
2.546
2.545
2.542
2.540
2.540
2.540
2.539
2.539
2.537
2.536
2.534
2.533
2.533
2.531
2.530
2.529
2.529
2.528
2.528
2.527
2.526
2.525
2.524
2.523
2.522
2.521
2.520
2.519
2.517
2.516
2.516
2.516
2.514
2.513
2.513
2.511
2.509
2.508
2.507
2.506
2.506
2.505
2.504
2.503
2.502
2.502
2.502
2.501
2.501
2.500
2.500
2.498
2.498
2.497
2.495
2.494
2.494
2.493
2.493
2.493
2.493
2.492
2.491
2.490
2.490
2.489
2.489
2.488
2.488
2.488
2.487
2.484
2.484
2.483
2.482
2.481
2.480
2.479
2.479
2.475
2.473
2.472
2.469
2.467
2.466
2.465
2.465
2.460
2.460
2.459
2.456
2.456
2.455
2.455
2.454
2.454
2.450
2.450
2.449
2.448
2.448
2.447
2.447
2.446
2.446
2.445
2.444
2.439
2.438
2.438
2.437
2.437
2.436
2.432
2.432
2.431
2.429
2.428
2.428
2.427
2.426
2.425
2.425
2.425
2.424
2.417
2.416
2.415
2.415
2.412
2.411
2.410
2.409
2.409
2.409
2.409
2.408
2.408
2.406
2.404
2.404
2.403
2.403
2.402
2.402
2.400
2.400
2.399
2.398
2.397
2.393
2.393
2.392
2.391
2.390
2.390
2.389
2.389
2.389
2.388
2.388
2.387
2.385
2.385
2.384
2.384
2.383
2.382
2.382
2.382
2.382
2.381
2.381
2.380
2.380
2.379
2.378
2.377
2.375
2.375
2.373
2.372
2.371
2.369
2.369
2.367
2.367
2.366
2.364
2.362
2.362
2.359
2.359
2.356
2.355
2.355
2.354
2.354
2.347
2.347
2.347
2.345
2.345
2.343
2.341
2.340
2.339
2.338
2.338
2.338
2.337
2.335
2.334
2.331
2.329
2.329
2.328
2.328
2.328
2.325
2.323
2.322
2.320
2.319
2.316
2.315
2.314
2.312
2.312
2.312
2.312
2.312
2.311
2.311
2.310
2.309
2.308
2.307
2.306
2.304
2.304
2.302
2.302
2.302
2.301
2.301
2.299
2.299
2.298
2.296
2.295
2.294
2.290
2.288
2.287
2.286
2.284
2.283
2.283
2.282
2.281
2.280
2.279
2.278
2.276
2.274
2.273
2.270
2.269
2.268
2.268
2.267
2.266
2.264
2.263
2.261
2.257
2.256
2.256
2.255
2.255
2.255
2.254
2.253
2.253
2.251
2.251
2.247
2.247
2.244
2.243
2.242
2.241
2.239
2.239
2.237
2.237
2.234
2.231
2.230
2.227
2.227
2.225
2.224
2.224
2.224
2.222
2.222
2.221
2.221
2.219
2.219
2.219
2.218
2.217
2.216
2.216
2.215
2.215
2.215
2.214
2.214
2.212
2.212
2.211
2.207
2.207
2.205
2.205
2.202
2.201
2.200
2.199
2.199
2.197
2.196
2.193
2.191
2.190
2.188
2.188
2.188
2.188
2.182
2.181
2.180
2.180
2.179
2.175
2.175
2.175
2.174
2.173
2.173
2.170
2.170
2.168
2.163
2.163
2.162
2.161
2.161
2.160
2.159
2.159
2.158
2.153
2.152
2.152
2.151
2.150
2.148
2.148
2.147
2.146
2.144
2.143
2.142
2.142
2.140
2.138
2.138
2.137
2.137
2.136
2.136
2.135
2.134
2.133
2.130
2.129
2.128
2.126
2.126
2.125
2.125
2.124
2.123
2.121
2.119
2.119
2.118
2.115
2.115
2.113
2.112
2.112
2.112
2.111
2.111
2.110
2.109
2.109
2.108
2.106
2.104
2.101
2.101
2.100
2.096
2.094
2.092
2.092
2.091
2.090
2.090
2.089
2.087
2.087
2.084
2.083
2.082
2.079
2.079
2.079
2.078
2.077
2.075
2.075
2.073
2.070
2.069
2.068
2.067
2.066
2.065
2.065
2.064
2.064
2.063
2.062
2.062
2.059
2.056
2.054
2.049
2.047
2.047
2.046
2.046
2.046
2.044
2.044
2.043
2.041
2.041
2.039
2.037
2.037
2.034
2.034
2.034
2.032
2.032
2.031
2.029
2.029
2.028
2.028
2.027
2.026
2.026
2.023
2.022
2.021
2.020
2.020
2.019
2.018
2.017
2.014
2.013
2.013
2.012
2.011
2.010
2.009
2.009
2.008
2.008
2.006
2.003
2.002
2.000
1.999
1.998
1.998
1.996
1.996
1.995
El beneficio obtenido por el hijo 1 es: 44412.361

Hijo 2:
1.992
1.991
1.991
1.989
1.988
1.987
1.987
1.985
1.984
1.979
1.977
1.977
1.976
1.974
1.973
1.972
1.971
1.971
1.970
1.970
1.969
1.969
1.968
1.967
1.966
1.966
1.964
1.964
1.964
1.960
1.960
1.959
1.958
1.957
1.957
1.955
1.954
1.953
1.953
1.951
1.951
1.950
1.948
1.946
1.945
1.942
1.939
1.939
1.938
1.938
1.937
1.937
1.935
1.935
1.934
1.933
1.931
1.929
1.928
1.927
1.927
1.924
1.923
1.922
1.922
1.921
1.921
1.920
1.919
1.915
1.914
1.911
1.911
1.910
1.910
1.910
1.907
1.900
1.898
1.898
1.898
1.897
1.897
1.896
1.896
1.894
1.894
1.894
1.890
1.889
1.887
1.886
1.885
1.884
1.883
1.882
1.882
1.882
1.881
1.880
1.878
1.877
1.877
1.877
1.876
1.875
1.875
1.871
1.871
1.869
1.869
1.868
1.866
1.866
1.862
1.860
1.857
1.857
1.856
1.855
1.854
1.853
1.853
1.850
1.848
1.847
1.846
1.845
1.845
1.843
1.839
1.837
1.833
1.831
1.830
1.829
1.825
1.825
1.824
1.823
1.823
1.822
1.821
1.820
1.819
1.817
1.816
1.816
1.814
1.813
1.812
1.812
1.811
1.811
1.811
1.808
1.808
1.807
1.806
1.805
1.804
1.804
1.803
1.799
1.799
1.798
1.796
1.796
1.794
1.793
1.793
1.792
1.792
1.792
1.789
1.788
1.786
1.786
1.784
1.784
1.783
1.782
1.782
1.781
1.781
1.780
1.779
1.779
1.779
1.779
1.778
1.778
1.778
1.777
1.770
1.769
1.769
1.764
1.764
1.761
1.760
1.760
1.757
1.756
1.756
1.755
1.755
1.748
1.748
1.745
1.744
1.743
1.742
1.740
1.738
1.738
1.732
1.732
1.732
1.729
1.729
1.728
1.727
1.727
1.727
1.726
1.726
1.726
1.725
1.721
1.720
1.720
1.719
1.717
1.717
1.715
1.714
1.712
1.711
1.710
1.710
1.710
1.710
1.708
1.705
1.704
1.699
1.698
1.692
1.691
1.690
1.690
1.690
1.688
1.685
1.685
1.684
1.682
1.680
1.677
1.675
1.674
1.672
1.671
1.671
1.670
1.669
1.668
1.667
1.667
1.667
1.667
1.666
1.662
1.661
1.661
1.661
1.660
1.658
1.657
1.657
1.656
1.655
1.655
1.653
1.653
1.652
1.651
1.650
1.649
1.648
1.648
1.647
1.646
1.643
1.641
1.641
1.640
1.639
1.639
1.636
1.635
1.634
1.633
1.632
1.631
1.630
1.629
1.628
1.628
1.627
1.627
1.626
1.624
1.624
1.623
1.622
1.622
1.622
1.622
1.621
1.621
1.621
1.621
1.618
1.617
1.616
1.616
1.616
1.610
1.610
1.609
1.607
1.607
1.606
1.605
1.603
1.603
1.603
1.603
1.602
1.600
1.600
1.599
1.593
1.593
1.592
1.590
1.588
1.588
1.584
1.584
1.583
1.583
1.583
1.581
1.581
1.579
1.578
1.577
1.576
1.576
1.576
1.575
1.574
1.573
1.573
1.571
1.571
1.570
1.566
1.566
1.566
1.565
1.565
1.564
1.564
1.564
1.563
1.563
1.563
1.563
1.562
1.561
1.560
1.559
1.559
1.558
1.557
1.556
1.556
1.555
1.555
1.554
1.552
1.552
1.552
1.551
1.551
1.549
1.548
1.547
1.546
1.544
1.541
1.540
1.539
1.538
1.537
1.536
1.535
1.534
1.534
1.531
1.529
1.528
1.528
1.528
1.523
1.523
1.521
1.521
1.520
1.518
1.514
1.513
1.511
1.509
1.509
1.509
1.508
1.506
1.506
1.506
1.502
1.501
1.500
1.498
1.498
1.498
1.497
1.491
1.490
1.489
1.488
1.487
1.487
1.486
1.485
1.484
1.484
1.481
1.481
1.481
1.480
1.480
1.480
1.479
1.477
1.477
1.476
1.474
1.474
1.473
1.473
1.472
1.471
1.471
1.471
1.470
1.468
1.468
1.467
1.466
1.466
1.464
1.464
1.462
1.458
1.458
1.457
1.451
1.448
1.447
1.447
1.446
1.445
1.443
1.440
1.439
1.439
1.438
1.438
1.437
1.436
1.435
1.434
1.433
1.431
1.431
1.430
1.430
1.429
1.427
1.426
1.425
1.424
1.420
1.419
1.418
1.418
1.417
1.417
1.416
1.416
1.415
1.415
1.415
1.414
1.413
1.412
1.410
1.408
1.408
1.407
1.407
1.406
1.405
1.403
1.402
1.400
1.400
1.400
1.400
1.399
1.399
1.397
1.396
1.393
1.392
1.392
1.392
1.392
1.392
1.390
1.388
1.386
1.385
1.383
1.383
1.382
1.382
1.381
1.381
1.381
1.381
1.381
1.380
1.379
1.378
1.378
1.377
1.376
1.375
1.374
1.371
1.370
1.370
1.369
1.368
1.366
1.366
1.365
1.365
1.363
1.362
1.360
1.360
1.357
1.357
1.357
1.356
1.356
1.356
1.355
1.354
1.354
1.353
1.353
1.352
1.352
1.352
1.351
1.350
1.350
1.347
1.345
1.345
1.344
1.342
1.342
1.341
1.341
1.339
1.336
1.334
1.333
1.332
1.330
1.329
1.325
1.324
1.324
1.323
1.323
1.319
1.319
1.318
1.317
1.317
1.317
1.317
1.316
1.315
1.314
1.313
1.312
1.307
1.304
1.304
1.304
1.303
1.302
1.301
1.300
1.300
1.299
1.297
1.296
1.295
1.294
1.294
1.293
1.293
1.293
1.292
1.291
1.290
1.289
1.289
1.288
1.287
1.287
1.285
1.285
1.283
1.282
1.279
1.278
1.278
1.277
1.276
1.276
1.275
1.275
1.275
1.274
1.274
1.274
1.271
1.269
1.269
1.268
1.268
1.267
1.267
1.266
1.265
1.265
1.264
1.262
1.262
1.261
1.261
1.260
1.258
1.256
1.254
1.252
1.252
1.252
1.252
1.251
1.250
1.249
1.248
1.248
1.246
1.245
1.241
1.241
1.239
1.239
1.238
1.236
1.235
1.234
1.233
1.232
1.228
1.228
1.227
1.227
1.226
1.223
1.222
1.221
1.221
1.221
1.220
1.220
1.220
1.218
1.218
1.217
1.217
1.216
1.215
1.215
1.215
1.214
1.212
1.212
1.209
1.208
1.206
1.206
1.206
1.206
1.203
1.203
1.203
1.202
1.202
1.201
1.198
1.197
1.195
1.195
1.195
1.195
1.193
1.192
1.191
1.190
1.189
1.188
1.188
1.188
1.188
1.187
1.187
1.185
1.183
1.182
1.180
1.179
1.179
1.176
1.175
1.173
1.172
1.170
1.170
1.169
1.169
1.169
1.168
1.167
1.167
1.166
1.166
1.165
1.165
1.163
1.161
1.161
1.161
1.160
1.160
1.160
1.158
1.157
1.157
1.156
1.155
1.153
1.151
1.151
1.149
1.149
1.148
1.147
1.146
1.145
1.143
1.143
1.140
1.140
1.140
1.137
1.136
1.135
1.135
1.134
1.132
1.132
1.132
1.129
1.128
1.127
1.123
1.123
1.123
1.121
1.119
1.118
1.118
1.117
1.114
1.114
1.112
1.111
1.111
1.111
1.109
1.109
1.109
1.107
1.106
1.106
1.106
1.106
1.105
1.103
1.102
1.102
1.101
1.101
1.101
1.101
1.100
1.097
1.096
1.096
1.095
1.094
1.094
1.094
1.093
1.092
1.089
1.087
1.086
1.086
1.086
1.086
1.085
1.084
1.082
1.080
1.080
1.080
1.079
1.075
1.075
1.074
1.073
1.072
1.072
1.072
1.071
1.069
1.067
1.063
1.063
1.060
1.059
1.059
1.059
1.058
1.055
1.055
1.055
1.055
1.054
1.052
1.048
1.047
1.047
1.045
1.043
1.043
1.043
1.043
1.041
1.041
1.040
1.040
1.040
1.039
1.037
1.036
1.033
1.033
1.032
1.031
1.030
1.029
1.028
1.027
1.027
1.027
1.026
1.026
1.024
1.023
1.021
1.021
1.020
1.019
1.017
1.016
1.015
1.012
1.011
1.009
1.009
1.008
1.007
1.007
1.006
1.005
1.003
1.001
1.000
1.000
0.994
0.994
0.991
0.990
0.990
0.990
0.990
0.988
0.988
0.986
0.982
0.981
0.981
0.981
0.981
0.981
0.979
0.977
0.977
0.976
0.975
0.974
0.973
0.970
0.965
0.965
0.965
0.965
0.962
0.962
0.961
0.961
0.957
0.957
0.957
0.956
0.956
0.956
0.956
0.954
0.953
0.953
0.952
0.949
0.947
0.945
0.945
0.944
0.943
0.942
0.942
0.940
0.939
0.937
0.936
0.936
0.933
0.933
0.932
0.930
0.929
0.928
0.928
0.927
0.926
0.925
0.924
0.924
0.924
0.923
0.923
0.921
0.921
0.920
0.919
0.919
0.918
0.917
0.916
0.915
0.915
0.915
0.914
0.912
0.911
0.909
0.908
0.906
0.905
0.905
0.904
0.904
0.898
0.898
0.896
0.896
0.894
0.891
0.891
0.889
0.889
0.888
0.888
0.888
0.884
0.884
0.883
0.881
0.879
0.878
0.878
0.876
0.876
0.873
0.872
0.868
0.867
0.864
0.862
0.860
0.860
0.859
0.859
0.858
0.855
0.854
0.854
0.854
0.854
0.851
0.850
0.849
0.847
0.846
0.846
0.845
0.845
0.842
0.842
0.839
0.838
0.838
0.836
0.836
0.835
0.834
0.833
0.833
0.831
0.829
0.828
0.825
0.824
0.823
0.823
0.823
0.822
0.819
0.819
0.816
0.815
0.815
0.815
0.813
0.813
0.812
0.812
0.810
0.809
0.809
0.808
0.806
0.805
0.802
0.801
0.801
0.800
0.798
0.797
0.796
0.795
0.794
0.794
0.793
0.793
0.791
0.790
0.790
0.790
0.789
0.789
0.788
0.788
0.787
0.786
0.785
0.784
0.781
0.780
0.777
0.773
0.772
0.772
0.772
0.771
0.770
0.769
0.768
0.767
0.766
0.764
0.762
0.761
0.761
0.760
0.760
0.758
0.756
0.754
0.751
0.748
0.745
0.745
0.744
0.744
0.744
0.743
0.741
0.740
0.739
0.738
0.738
0.737
0.737
0.735
0.734
0.734
0.731
0.730
0.730
0.729
0.729
0.729
0.728
0.726
0.726
0.724
0.722
0.722
0.721
0.721
0.720
0.718
0.716
0.716
0.716
0.715
0.713
0.713
0.712
0.711
0.710
0.708
0.707
0.706
0.705
0.705
0.699
0.699
0.696
0.694
0.694
0.692
0.692
0.691
0.691
0.686
0.685
0.684
0.680
0.678
0.678
0.676
0.671
0.669
0.668
0.668
0.668
0.668
0.664
0.664
0.663
0.662
0.661
0.659
0.658
0.658
0.657
0.657
0.657
0.654
0.653
0.652
0.649
0.649
0.647
0.644
0.644
0.641
0.640
0.640
0.638
0.637
0.636
0.636
0.634
0.632
0.631
0.628
0.627
0.627
0.626
0.625
0.625
0.625
0.624
0.622
0.622
0.620
0.619
0.619
0.618
0.617
0.614
0.613
0.611
0.611
0.610
0.610
0.609
0.609
0.606
0.606
0.605
0.605
0.603
0.600
0.599
0.599
0.596
0.595
0.593
0.592
0.588
0.585
0.584
0.580
0.580
0.577
0.574
0.573
0.569
0.569
0.568
0.568
0.568
0.567
0.567
0.566
0.566
0.566
0.565
0.565
0.565
0.564
0.563
0.561
0.561
0.561
0.560
0.559
0.558
0.552
0.552
0.551
0.551
0.551
0.550
0.549
0.546
0.546
0.546
0.544
0.542
0.542
0.541
0.541
0.541
0.540
0.540
0.540
0.539
0.538
0.537
0.534
0.533
0.532
0.532
0.531
0.530
0.529
0.529
0.529
0.528
0.524
0.524
0.524
0.521
0.518
0.517
0.516
0.515
0.515
0.514
0.513
0.509
0.508
0.506
0.505
0.505
0.504
0.504
0.502
0.502
0.501
0.501
0.500
0.499
0.499
0.497
0.494
0.494
0.493
0.491
0.491
0.490
0.489
0.488
0.487
0.486
0.483
0.482
0.482
0.482
0.482
0.480
0.479
0.477
0.477
0.477
0.476
0.476
0.475
0.475
0.474
0.474
0.473
0.473
0.469
0.469
0.467
0.464
0.463
0.462
0.461
0.460
0.460
0.459
0.458
0.455
0.455
0.452
0.451
0.448
0.448
0.447
0.446
0.446
0.446
0.444
0.444
0.443
0.441
0.441
0.440
0.439
0.439
0.438
0.436
0.436
0.435
0.435
0.434
0.434
0.432
0.431
0.431
0.430
0.429
0.429
0.426
0.424
0.422
0.419
0.419
0.418
0.417
0.416
0.413
0.413
0.412
0.411
0.408
0.405
0.404
0.402
0.399
0.399
0.397
0.396
0.396
0.394
0.393
0.392
0.390
0.390
0.389
0.389
0.385
0.384
0.384
0.381
0.381
0.380
0.377
0.376
0.376
0.375
0.373
0.371
0.371
0.370
0.369
0.365
0.365
0.365
0.365
0.364
0.361
0.360
0.360
0.359
0.358
0.358
0.355
0.355
0.354
0.354
0.352
0.352
0.352
0.351
0.350
0.348
0.346
0.345
0.344
0.344
0.342
0.338
0.338
0.336
0.336
0.335
0.334
0.333
0.331
0.331
0.331
0.330
0.329
0.327
0.321
0.319
0.317
0.316
0.313
0.313
0.312
0.312
0.310
0.309
0.308
0.307
0.306
0.305
0.304
0.303
0.301
0.300
0.300
0.300
0.300
0.300
0.300
0.299
0.298
0.296
0.296
0.295
0.293
0.291
0.287
0.286
0.285
0.285
0.284
0.284
0.283
0.282
0.282
0.280
0.279
0.279
0.278
0.277
0.277
0.276
0.275
0.274
0.273
0.272
0.271
0.269
0.268
0.265
0.264
0.261
0.258
0.258
0.257
0.257
0.256
0.255
0.254
0.253
0.252
0.252
0.251
0.250
0.249
0.248
0.247
0.246
0.246
0.245
0.245
0.244
0.244
0.242
0.242
0.241
0.240
0.240
0.239
0.239
0.239
0.236
0.235
0.234
0.233
0.233
0.232
0.228
0.228
0.227
0.227
0.226
0.222
0.221
0.221
0.221
0.220
0.219
0.219
0.219
0.219
0.218
0.217
0.216
0.215
0.215
0.213
0.212
0.211
0.210
0.209
0.209
0.204
0.203
0.197
0.195
0.195
0.195
0.193
0.191
0.190
0.190
0.190
0.189
0.188
0.183
0.181
0.181
0.178
0.178
0.176
0.176
0.176
0.175
0.175
0.175
0.171
0.169
0.169
0.168
0.168
0.168
0.166
0.166
0.163
0.161
0.161
0.158
0.157
0.156
0.156
0.155
0.154
0.154
0.154
0.151
0.151
0.147
0.146
0.145
0.144
0.143
0.140
0.136
0.135
0.134
0.133
0.132
0.131
0.131
0.128
0.127
0.127
0.125
0.124
0.124
0.124
0.124
0.123
0.122
0.122
0.121
0.121
0.120
0.120
0.120
0.118
0.118
0.117
0.116
0.115
0.115
0.115
0.114
0.112
0.111
0.109
0.109
0.108
0.107
0.106
0.106
0.105
0.104
0.100
0.098
0.097
0.097
0.095
0.095
0.095
0.094
0.092
0.092
0.092
0.091
0.089
0.089
0.089
0.087
0.087
0.086
0.085
0.081
0.079
0.079
0.079
0.075
0.074
0.070
0.070
0.068
0.068
0.066
0.066
0.065
0.064
0.062
0.061
0.059
0.057
0.057
0.057
0.057
0.055
0.054
0.052
0.051
0.050
0.048
0.047
0.045
0.045
0.045
0.043
0.042
0.041
0.041
0.041
0.038
0.037
0.037
0.036
0.033
0.030
0.030
0.028
0.027
0.025
0.025
0.025
0.023
0.023
0.022
0.022
0.019
0.018
0.017
0.016
0.016
0.014
0.014
0.011
0.011
0.010
0.009
0.009
0.008
0.006
0.004
0.003
0.001
El beneficio obtenido por el hijo 2 es: 1837.919

