1000 51928
2000 82298
3000 220570
4000 293438
5000 235925
6000 263269
7000 385167
8000 654836
9000 453124
10000 627626
11000 701938
12000 534850
13000 966742
14000 652770
15000 1445672
16000 1437631
17000 895675
18000 1511741
19000 1357051
20000 1236427
21000 1866212
22000 1106521
23000 1169200
24000 1308861
25000 1349000
26000 1965956
27000 1520359
28000 2344539
29000 1750392
30000 1690497
31000 1591534
32000 2159038
33000 1802613
34000 2113061
35000 2762024
36000 2527010
37000 2120066
38000 2108102
39000 3150607
40000 2061496
41000 2151154
42000 2237708
43000 2331814
44000 2260320
45000 2193502
46000 2354240
47000 2603070
48000 2583680
49000 2478010
50000 2440660
51000 2822909
52000 2591959
53000 2842263
54000 2887518
55000 3050594
56000 2809208
57000 2982424
58000 3178062
59000 3121933
60000 3399627
61000 3311602
62000 3581026
63000 4865682
64000 3597721
65000 3452365
66000 3530500
67000 4229408
68000 3679607
69000 3867153
70000 3943729
71000 3719184
72000 3936412
73000 3776042
74000 5241442
75000 4115543
76000 4360057
77000 4253564
78000 5465707
79000 5277298
80000 5166252
81000 4883200
82000 4948727
83000 4294843
84000 5385285
85000 4848799
86000 4482918
87000 4433496
88000 4687793
89000 5030007
90000 5009034
91000 4745589
92000 4799097
93000 4789874
94000 5353800
95000 5031119
96000 5355652
97000 5474852
98000 5609526
99000 5138269
